   -0.3781    1.1937    1.0601
    0.6321    0.7105   -0.4130
   -1.8078   -0.6654   -1.7315
   -0.5853   -0.7211    1.2068
    0.3618    1.8815    0.8847
    2.3784   -1.1609    0.2910
   -1.2017   -0.1121    2.2707
    0.7417    0.1235   -0.1420
    0.2920    0.3278    0.0894
   -1.6530   -1.0322   -1.7320
    0.0856    0.3041   -0.7450
    0.0329    0.4234   -0.1777
    0.8735   -1.3956    0.2675
   -0.6103   -0.1124    0.4279
    1.8763   -1.6149   -2.3194
   -0.8122   -0.1670    2.4910
   -0.8280    0.4265    1.0801
   -0.9225    0.6958    0.8155
    0.2755    2.1175    0.4087
    0.3721   -0.9197    1.3959
    1.9369    0.5651    0.5656
   -1.2711   -1.0293   -1.7420
    0.6307    1.5006   -0.6837
   -1.3078   -0.0416    2.9449
    0.4160    0.7460   -0.1028
   -0.6587   -0.5886    0.8993
   -0.8354    0.2182    1.1616
   -0.8121   -0.0951    1.4649
   -0.4118   -1.1194    0.2883
   -0.8179   -0.8331   -1.3774
   -0.2011   -0.2533    1.5337
    0.7390   -1.7156    0.2470
   -1.3908   -0.6147    1.2311
   -0.5628    0.7567    0.3784
   -1.1854    2.3530   -0.7660
   -0.1781    1.5928    0.2083
   -1.1641    0.3082   -0.8238
   -0.4473   -1.9726   -1.3007
   -1.2997   -0.0399   -0.2437
   -0.9219    0.4496    2.5266
   -0.6090   -0.4203    2.6806
   -1.3358    0.2795    0.9014
    1.2623   -0.3208    0.9245
   -1.7321   -0.6721   -1.1568
    0.5341    1.1569    1.8133
    0.9431    0.7116   -1.4992
   -0.8353   -1.8100   -0.9587
   -0.3944    0.0904    1.1114
    2.7874   -1.4702    0.2535
    1.0637   -1.7251    0.4945
   -0.6589    1.3871   -1.5778
    0.5645   -0.3887    0.1237
   -0.7271    1.6341    2.2255
    0.6539   -0.0825   -1.5787
   -0.5869   -0.5845    1.7605
    0.9708   -0.5468    1.6517
   -1.1978    0.0414   -1.1428
   -1.0746   -0.1592   -0.2584
   -1.3190   -0.0042   -0.8560
    0.5082   -0.3418   -0.2405
   -0.0490    0.0710   -0.6884
   -0.3124   -0.6139    1.6073
    0.5652   -1.0380    0.2578
    0.0322    1.8548   -0.3362
   -0.0271   -0.9427   -0.4450
    1.7530    0.8576   -0.1049
   -0.4927   -0.3124   -0.1112
   -1.3016    0.2457    0.9548
    0.1020    0.8739    0.5238
   -0.1535    0.8225   -0.6047
    0.8528   -1.4178   -0.9598
   -0.0900   -2.9970   -1.6182
    0.1362   -1.7496    0.4253
    1.0200   -1.3361   -0.7892
   -1.0033   -1.0213    1.0327
    0.7428   -0.0957    0.3919
   -0.5606    0.1974   -1.0838
    0.7276   -1.6178    0.5287
   -0.6652    0.4542    0.2200
   -0.8553   -1.4074   -1.0779
    1.2868   -0.2463   -0.0274
   -0.8386   -0.6771    2.1926
    1.7825   -0.2615    0.5424
   -0.2445    0.3818    0.4043
    0.0208    0.9887   -1.1952
    0.2161   -0.2231   -0.1788
   -0.2656    0.6443   -1.1991
    0.7598   -0.6436    0.2212
   -1.0258   -0.4758   -2.1382
   -1.0690    0.9157   -0.2193
   -0.0738    1.7814    0.9918
    1.4233    0.8236   -0.2382
   -0.6468   -1.7480   -1.2124
    1.2170   -2.9680    1.6736
    0.1681   -1.7226    0.3247
   -0.6720   -1.4556   -0.3230
   -0.6782    1.0807    0.5051
    1.4497   -0.7010   -0.3083
   -0.6716    0.4088   -0.0946
    0.3361   -0.0068   -0.6832
   -0.4566    0.0164    1.4411
    2.4273   -1.3187    0.0896
   -0.2464   -0.6060   -0.3975
    2.2909   -0.5049    0.7166
    0.1512    1.6208   -0.7641
    1.1591    1.5167   -0.4650
   -1.0967    0.0241   -0.2867
    0.0200    1.0226    0.2434
    1.2556   -2.1384    0.5762
    1.1508   -1.8396   -1.6232
    1.2173   -1.0777    0.7713
    2.5509    0.4080    0.4179
   -0.3058   -0.2990    0.3029
    1.2422   -0.2292    0.6093
   -1.0047   -0.1290   -1.0773
    0.2388   -0.1815   -0.7372
   -2.0586    0.2718   -0.8727
   -0.4549    0.4330    0.8438
   -0.3774   -0.5403   -0.4419
   -1.1112   -0.1087   -0.1187
    0.8111   -1.0052   -0.7197
    0.1030   -0.9052    0.8908
    1.1628   -0.6236    0.4209
    0.6269   -0.3715    0.6318
    1.7869    1.6310   -0.5700
   -0.5381   -0.2084   -1.4643
    1.6002    0.8609    0.1186
    0.5133   -0.6344    0.1734
   -1.9987   -0.2995    1.1872
    1.8691    0.2577    0.2615
    0.7934    0.1612    0.1373
    0.0496    1.3620   -0.4320
   -0.8106    0.5907    0.1382
   -0.3269    1.4222    1.9127
    0.2147    0.3980   -0.3549
    2.2151   -0.1462    0.1017
   -1.9791   -0.5983   -0.9131
    0.5225    1.4459    1.2928
    0.0592    1.3745    1.1688
   -0.4271    0.0247    0.5386
   -0.5338    1.0213   -0.4194
   -0.5312    1.8360   -0.7778
   -0.2945   -1.1148   -0.9845
   -0.7930   -0.0311    0.6023
    1.4677    0.0816   -0.3352
   -0.4745   -0.5610   -0.7341
    0.2871    1.4711    0.3081
    1.3966   -0.6311   -0.7080
    0.1499    2.2286   -0.3183
   -0.5160   -0.4876    2.1986
    0.4066    1.1528   -0.8216
    0.5988   -0.0368    0.5364
    0.4960   -0.5178    0.5472
   -0.9615   -0.2905    0.1272
    0.8843    1.6526   -0.7258
    2.1945   -0.1895    1.2271
   -0.0279    1.7949   -1.8192
   -1.7974    0.1691   -0.5078
   -0.0780    2.6236   -0.6027
   -0.8150   -0.0780    0.2228
   -1.5937    0.4138   -1.3504
    1.3060   -0.6218   -0.3972
   -1.4566    0.0601   -1.4629
    1.5493   -0.9380    0.3357
    1.4275    2.2243   -0.1775
    1.2575   -0.0483   -1.2728
    1.6432   -0.8422    0.9466
    0.4159    0.7458    0.1297
   -1.0481    1.0242    2.4338
    1.4211    0.4068   -1.7158
    0.7448    0.4804    0.3594
    0.6424   -1.1049   -0.3177
    0.7564   -1.5947   -0.9640
   -1.5457   -0.4418   -0.0617
   -0.6718    1.5449   -1.1555
    0.4546    0.0277    0.6093
    0.1912    2.0760   -0.9994
   -0.4324    0.9497   -0.7806
   -0.8369   -0.5111    0.6470
    1.1375    1.1977    0.2809
    0.8589    1.3988    0.3772
   -0.2144   -3.0569    0.6151
    1.9593   -1.8765   -2.9063
   -0.9456    0.9346   -1.3310
   -0.2331    1.5348   -1.1328
    1.3401   -0.5101   -0.1386
    0.4905   -1.2882    0.6262
   -0.0286   -1.3463   -0.0339
   -0.7159    1.0358    2.0268
   -0.5986    1.6184   -0.1918
    0.4163    0.8611    0.5661
    1.1614   -0.7600   -1.4250
    0.1948    0.8726   -1.8931
    1.9112    0.1171   -0.4451
   -0.5640   -0.1091    0.2643
   -0.0708    1.2055   -0.7380
    1.7555    1.3008    0.7050
   -1.1260    0.9260   -0.5364
   -0.7430    1.0938    1.4315
    0.4782    0.3309    1.1935
   -0.0669   -0.1481   -0.5814
   -0.3324   -2.2602    0.2800
   -0.6460   -0.5505   -1.6663
    2.5156   -0.8397    1.0711
   -1.0625   -0.0982   -0.9463
    2.7974   -0.3868   -0.1221
   -0.2872    0.7130   -0.3113
    0.3482    0.0622    0.4669
    0.7491   -0.9974   -0.1524
    0.4471    0.0222    0.5024
   -1.1505   -0.7192   -1.0456
    0.1772    0.6460   -0.7081
   -1.3057   -0.6290   -1.1553
    0.4664   -0.4125    0.3693
    0.1473    0.9640    0.4011
   -0.3725   -0.7932   -0.3978
   -0.0894   -0.6049    1.2709
   -0.3523   -0.4018    0.1301
    1.0344    1.6531   -0.3115
   -0.0729   -1.4731    0.4122
   -0.1393   -0.0323    1.7848
    0.8861    1.0802   -0.6369
    0.6499   -0.8539    0.7577
    0.2617   -0.1806    0.0275
    0.1186    0.5941    0.3540
    2.1758   -1.1850    0.1240
    1.8013   -1.3183    0.1881
   -0.9376    0.9863    0.5252
   -0.6937   -2.1508   -0.6669
   -0.5333    0.0751   -2.4482
    0.4557   -0.5995    0.4087
    0.1722    0.3023    0.1485
    1.5923    1.5039    0.7951
    0.5954    0.4257    0.5680
   -1.3318   -1.0740   -1.5163
    0.7248    0.3389    1.3028
   -1.8148   -0.0939   -1.0898
   -0.0678   -0.1536    0.1867
    2.0301   -0.5962   -0.9629
    2.2441    0.3994   -0.9183
   -1.9248   -0.1692   -1.4206
    1.6394   -1.1925    0.0339
    1.0345   -0.6175   -0.0584
    0.4775    0.8584    0.5621
    0.1057   -0.0440   -0.5446
    0.1471    0.9642   -0.6597
   -1.6923   -1.0649   -1.0231
    0.1503    1.7445   -1.3237
   -0.4852   -0.6860    0.5982
    0.3978    0.4884    0.1603
    0.2531   -0.3909   -0.7141
    1.1119    0.0526    0.8294
    0.7519   -1.2907    0.7934
    0.3587   -0.1921    0.0169
    0.1342    0.7425   -0.9232
   -0.2197   -1.2546   -1.5691
   -0.1291   -0.2239   -0.1706
    1.4856   -0.1385    0.0057
   -0.8011    0.8796    1.2508
    0.6908   -1.3742    1.0887
   -0.3778    0.9304   -0.7883
   -0.1701    0.7767   -0.3171
   -0.9146    0.1503    0.0543
   -0.0414   -0.0144   -0.0758
   -1.7422    0.1432   -0.4368
    0.5400   -0.3103   -0.3899
   -0.6457   -2.1110   -1.2605
   -1.3610   -0.7613    0.2469
    1.3572    1.7241   -1.0363
    0.0916   -0.4635    0.8109
    0.4062    0.0055    0.6158
    0.7141    0.0745    1.3820
   -0.7581    0.5465    1.3751
   -0.0708   -0.2850   -0.5845
   -0.1672    0.6719   -0.0415
   -0.5688   -0.8477    0.4190
    1.3932   -1.7559    0.2541
   -0.0583   -0.6576   -0.7390
   -1.5222    0.1419   -1.2669
   -1.8170   -1.9494   -0.4676
   -0.4909    0.2317   -0.5924
    0.8017    0.1483    0.7771
    0.3761   -0.0295    0.7250
   -1.0219   -0.1915    1.9786
    0.0200    1.0589    1.9668
   -1.0781   -1.0602   -0.4106
   -1.6644   -0.3966    0.9180
   -0.6625    1.5272   -0.6586
    0.9156    0.4499   -0.1134
   -0.0851    0.7179   -1.2362
    0.4153   -0.4613   -0.0789
    0.0690    0.5265    1.7393
    0.7850    2.8599    0.2031
   -0.5424   -0.9687    1.0313
    0.5564    2.8060   -0.8571
    0.2222    0.2915   -0.1493
   -1.1639    0.0779   -0.1160
    1.3935    1.0000   -0.0716
    0.3355    0.2760   -0.5305
    1.0428    0.8278    0.3741
   -0.2619    1.5837   -1.0780
   -0.0384    1.5804   -1.3790
   -0.8201   -0.0904   -0.9670
    0.6939    1.7742   -0.5676
   -0.8858   -1.0407   -0.7260
   -1.3408   -0.0510    0.6336
    0.2223   -1.5060    1.5181
    0.7306    0.5438   -0.5960
   -0.3690    0.4052   -0.4335
    0.1805    0.6047    0.7286
   -0.8354    0.1551    0.0428
   -1.8417   -0.5331   -0.5681
    1.1843   -0.0964   -0.1426
    1.1310   -0.1848    1.0679
    0.6569   -1.3953   -0.1477
    1.5360   -0.1033    1.6909
   -0.7288    0.9643   -1.2659
   -0.3344    0.1942   -1.1383
    1.5338   -0.5969   -0.3164
   -0.4805   -2.5282   -0.1182
    0.9379   -0.3946    1.3598
    1.4195   -2.3572    0.2468
    0.1054    1.0040   -0.4550
    1.5884   -0.4189   -1.4036
    0.4847   -0.7985   -0.4917
    0.7456    2.8430   -0.5971
   -1.3081   -0.0715   -1.1903
    1.0432   -0.5267    0.2260
   -1.7153    0.6771    1.7987
   -0.0948   -0.8709   -0.3650
    0.3197   -0.8042    1.2006
   -0.9113   -0.1136    1.1017
   -0.5005   -1.0513    0.5701
    0.4487   -0.4400   -1.1356
   -1.5190    0.2093    0.3440
   -1.0342    0.2196    0.0353
    0.7114   -1.0834    1.1312
    1.3373   -1.3976   -0.2050
   -0.5924   -0.4450    1.7450
   -1.0467    0.1331   -0.6743
    0.0933    0.9320   -0.8807
   -1.2274   -0.0675    0.1746
   -1.4949    0.3913   -1.8126
    1.8261   -0.3817    0.3544
   -1.8463    0.1582    1.9266
    0.0440   -0.4608   -0.1246
   -0.7611    0.0330   -1.2505
    1.0712   -1.1274   -1.6769
   -0.4044   -0.3776    0.4916
    0.9519   -1.9154   -1.0606
    0.9032   -1.0950    0.6863
    0.8437    0.3191   -0.3453
   -0.3201    0.8813    0.7937
   -1.7288   -0.0201   -1.0459
   -1.0136    0.0773    0.8308
    0.4289   -0.7013    0.1358
   -1.3548    0.4121   -1.4832
   -0.3236    0.5140    1.3349
    1.5923   -0.0300   -0.0480
    1.7642   -1.5243   -0.7419
    1.6823   -0.3831   -0.4325
   -0.9790   -1.4498   -0.2554
    1.2218   -0.4128    0.4051
    0.9068    1.4192   -1.2041
    0.9509    0.2505   -1.4471
   -0.4080    0.5091    0.3821
    0.1072    3.6018   -0.3323
   -0.6721    1.6189    0.8423
    0.2154   -0.8156    0.2539
    0.4313    1.5032   -0.3558
    1.0730    0.1337    0.3728
   -0.2319   -0.4848    0.1822
   -1.0443   -0.0252   -1.0148
   -1.5786   -0.8130   -1.1481
   -1.6943    0.8015    0.3841
    0.5412    0.1480   -0.6765
   -1.6126   -0.1417   -1.2835
    1.5526    1.4364   -2.1982
    1.5065    1.0151    0.3080
   -0.2913    0.4628    0.9645
   -0.3206   -0.1676   -0.7058
    0.0504    0.5110    0.2876
   -1.4004    0.0343    1.8886
   -0.7866   -0.5720   -0.9823
    0.3019    0.0610    0.5809
   -0.9810    0.3544    1.0616
    0.0432    0.0185   -0.8669
   -0.0705    0.0455    1.2953
   -1.2295   -0.3893    0.9541
   -0.8470   -0.3684    1.1173
   -0.7808    2.2861    1.5297
    1.0156   -0.5840   -2.9805
   -0.9983    0.5160    2.6010
    0.5402    2.1677    0.3066
    1.1612   -0.0962    0.2721
    0.8436    0.7256   -0.9960
    0.2262   -1.5218    0.9460
    0.9336   -1.3071    0.3631
   -0.8403   -0.4982   -1.2567
    0.6801    0.0193   -0.1278
   -0.7654   -0.9002   -1.0303
   -0.9742    1.5164   -1.3176
   -1.0353   -0.4149   -0.8169
    0.5756    2.3427   -0.6634
    1.6548    0.6302   -0.0235
   -0.0966   -2.5230    0.1559
   -0.2687    0.2770   -0.3936
   -0.0572   -0.1944    0.0793
   -1.0792   -1.3988   -2.2189
    0.5322    0.3551   -0.6655
   -0.7914   -0.2627    1.1731
   -0.0101    0.3154   -0.9139
   -0.8876   -1.0043   -1.4459
    0.2751   -1.2053   -1.0637
    1.0117   -0.6805   -0.2703
   -0.5295    1.1502   -0.6012
   -0.0418    0.9249    0.4035
   -1.1825    0.4761    1.2655
    0.4018   -0.6530    1.3968
   -1.0588   -1.2816   -0.7108
   -0.0255   -2.6608    0.5792
    0.1793   -1.1518    0.0035
    1.1324    1.5670   -1.0949
   -1.1864   -1.3755   -0.3619
   -0.5998   -0.7651   -1.2815
    0.3462   -1.6158   -0.1752
   -0.7008    0.8539    1.4082
    1.1876    1.3044   -0.2848
    1.2509    0.9354    0.9756
    2.5188   -0.3560    1.6635
    1.1089    1.1622   -0.3709
   -0.4063    0.2331   -0.6621
    0.1404    1.5489   -1.0122
   -0.8258   -0.2011    0.2327
    0.5074    0.1713   -1.3885
    1.3543   -0.5664    0.0804
   -1.7899   -0.9133   -1.0784
   -0.6913   -0.1686   -1.8631
   -0.7749    0.3571   -0.5152
    0.2578   -1.8908    2.2441
   -1.0960   -1.0534   -0.5753
   -0.3031   -0.4086   -0.3168
    0.5151    3.8512   -1.5979
   -0.4612    0.8591    0.4065
   -0.0774   -0.3367    0.4482
    0.8778   -1.4864    1.2955
    0.4874   -0.1625    0.6000
   -1.1935    0.2764   -0.4949
   -0.6576    1.1904    0.1231
   -1.0267   -0.0691   -0.1550
   -0.4325   -0.3340   -0.5603
    0.6827   -1.2855   -2.8314
   -0.4821   -0.6087    0.7898
   -1.1159    0.0152   -1.0965
    0.9069    0.6476    0.3495
   -0.8011    0.2345    0.1178
   -0.4940   -1.5507    1.3175
    1.0195   -1.7586   -0.0878
    0.1751   -0.1509    1.3532
   -0.3474   -0.2073   -0.1178
    0.0656    0.1590   -1.4176
   -0.7617    0.4729    2.6735
   -1.6637    0.2454    0.3830
    0.7945   -0.8280    1.0659
    1.9151   -0.5627    0.2561
   -0.7395    0.8542    0.0209
   -1.2745   -1.3770   -0.9222
   -1.9480   -0.0932    1.2697
    0.9927    0.0546   -0.2840
    1.5235   -0.1547    0.2022
   -0.8856    0.1415    1.8607
    0.7423    0.3303   -2.1948
   -1.3125    0.2871    1.7278
    1.6196   -0.2854    0.5177
   -0.5573    1.0658   -0.3893
   -1.5570   -0.9900   -1.1492
    0.4478    0.9888   -0.0289
    0.1921   -0.3001    0.9089
   -0.2766    0.0103   -0.3284
   -1.4042   -0.0640   -0.3902
    0.5155    0.8348   -1.0874
    0.0765    0.7652   -0.3467
   -1.2275   -1.3165   -0.6792
    0.5842   -0.4925    0.2808
    0.1436   -0.4426   -2.0358
   -0.0490    0.3742    1.9932
   -1.4001   -0.4802   -2.0439
    0.3877    1.0443    0.3890
   -0.7807   -0.4361   -0.3259
    0.7395    0.7902   -0.2012
   -1.2286   -1.7570   -0.3751
   -0.4137    1.2685   -0.6104
   -0.5483    0.3807    0.8314
   -1.5533   -1.0928   -0.4916
   -1.1965    0.6500   -1.4252
   -0.4243    0.5551    0.8937
    0.4416   -1.1080   -0.5251
    1.3923    0.4041   -0.3707
   -0.6977   -1.7732   -1.8127
    0.8624    1.9164    0.8132
   -0.4635    0.2080    1.0466
   -1.0457   -0.4210    0.7458
    0.5832    0.3379    0.2958
    1.0682   -1.6135    0.5278
   -1.4684    0.0164    1.5293
    0.7389    2.4644   -0.6931
   -0.4703   -0.9881    0.1937
   -0.3014    0.7617   -0.3970
    0.1561   -0.4862    0.2010
   -0.3040    1.0197   -0.3443
    1.5593    0.4997    0.4182
   -1.6730    0.5786    1.1322
    0.8812   -0.5464   -0.5880
   -0.1362   -0.6114    0.1800
    1.0205    0.8528    0.3286
   -1.6714   -1.0639    0.4491
    1.4207   -0.5299    0.1290
    1.5585   -0.4273   -1.5902
    0.7648   -3.2002    2.0635
    0.4029    0.2835   -0.5789
   -0.6413   -0.2434    1.3944
    0.0378    0.8728   -0.1155
   -1.4624    1.3397    2.3736
   -0.3739   -1.5705   -0.7666
   -0.3274    0.4483    2.0302
   -0.2424    0.2132   -0.2476
    1.0969   -0.0455    0.1941
   -0.6836   -0.9335   -0.5308
   -0.1423   -0.6768    1.2584
   -0.9434   -0.7820    0.2204
    0.8226   -0.0136   -0.1353
   -0.1244    0.0403   -0.5052
    0.5997   -1.1665    0.5168
    1.6711    0.2555    0.6279
   -1.0288   -0.2736   -1.3068
    0.3862    1.5985    1.0319
    0.2054    0.7065    0.2698
    0.7515   -0.7735    0.5338
   -1.1803   -0.1833    2.1763
   -0.2839    1.4707   -1.0103
    2.9519   -0.6062    0.4094
    1.6821   -0.9885    0.6635
    0.8716   -1.9269    0.8671
   -1.5860   -0.9131   -1.1748
   -1.3645   -0.8825    0.0095
    0.0805    0.1490   -0.5951
   -0.5742    0.3218    0.8557
    1.0290    0.9776   -1.2321
    0.9592   -1.1916    0.0287
    0.6372   -0.7199    1.0560
   -0.4053   -0.9214    1.2955
   -1.3435   -0.0588   -0.8668
   -1.8351   -0.3886   -1.2270
    1.5880   -0.5546    0.7047
    0.0389    0.9136    1.3306
   -1.0623   -0.3578    1.2113
    0.8823   -1.3048   -0.6504
   -1.1830   -0.8737   -1.8348
   -0.6930   -0.4185   -1.2149
    2.2323   -1.1133   -0.0660
   -0.5742   -0.0988   -0.3289
    0.2914   -1.8561    0.4504
   -0.4367    0.8355   -0.4088
   -0.3883    0.0616   -0.6204
   -0.0986    1.3386   -1.1258
   -0.5642    0.9913   -0.6927
   -0.0851    1.4043   -0.7326
    0.1744   -0.0377    0.5057
    0.5734   -0.9532    1.1867
   -0.3550   -2.7468    0.3383
    0.3384   -0.0508    0.6707
    0.3106    0.3364    0.6033
   -0.4507    0.4974    1.1639
   -1.3203   -0.1179    0.8590
    1.2641   -0.6727   -0.5931
   -0.1574    2.1716   -0.3136
   -0.6022   -0.3971   -0.3348
    0.4150    0.4754   -0.6093
    0.3521   -0.2849    0.8291
    1.4652    1.0313   -0.5169
   -0.9666   -0.1379   -0.1351
    0.3750    0.7887    0.3596
   -0.2772    1.4265   -0.1392
   -0.1100    0.4379   -0.7643
   -1.3685   -0.0959   -0.9659
    2.0213    0.7428    0.1614
   -0.3605   -1.7536   -0.0747
   -0.4593    0.0735    0.9455
   -1.8661   -0.2919   -1.3686
    0.0077   -0.7780    0.6111
    0.4242   -1.4384    2.4382
   -1.7294   -0.7910   -0.8786
    0.1626    1.3060   -0.5033
   -1.0518   -0.4520   -0.4694
    0.6118    1.1829    0.0450
   -1.3671   -0.1200    0.4504
    1.5746    0.9005    0.5377
   -0.5625    0.2243    1.4827
    0.0825    0.9886    1.2497
    0.1097   -1.8851   -0.0852
    1.3091   -1.8959    1.0569
   -0.0980   -1.2260   -0.7934
    0.7056    1.2565    0.6289
   -0.1254   -0.3736   -0.7432
    1.0246   -0.1039   -0.5214
   -0.7518    0.6463   -0.0416
   -1.2466   -1.1867   -1.4861
    1.4411   -1.2711   -0.9483
    0.2914   -1.4547   -0.7576
   -0.6347    0.2471   -0.0633
   -0.8986    0.2752    2.2352
   -1.1728   -0.8387    0.1926
   -0.3120    0.2247    1.4310
   -0.1114    1.5602   -0.9351
    0.9581    2.6203   -2.2348
   -0.7451   -1.2446   -0.7795
    0.8332   -0.9513   -0.3393
   -1.2191    0.6868   -1.0935
   -1.0238    0.5897   -1.1908
    1.1747   -1.1131   -0.6700
   -1.0054   -0.1783   -0.5562
   -1.4701   -0.9201    0.7625
    0.6665    0.0170   -0.4885
   -1.8229    0.2139    2.0654
    1.2315    0.8634   -0.7804
   -0.4775    1.3915    0.1743
   -0.4738    1.4393   -0.4594
    1.5496   -1.0977    0.8925
    1.3835    1.2080   -0.0917
   -0.0241    0.7155    0.9414
   -0.9088   -1.8254   -1.2642
    0.5227    1.1181   -0.3269
   -0.5717   -1.6978   -0.6355
   -1.3837    0.9343   -0.3080
   -0.5218    1.4305   -0.5087
   -0.9672    0.1644    1.7091
    2.2364   -1.0423   -1.2201
    0.3710    1.5561    0.5308
    0.4719   -0.6495   -1.0405
    0.1432    0.9416    1.1170
   -0.8210    2.2025    1.8027
   -1.1840   -0.8538   -1.2441
   -1.2911    0.2794   -1.3551
   -0.8166   -0.9406   -0.2776
   -1.5478    0.3794    0.9357
    0.1698   -1.0898   -0.9137
   -0.5514   -0.4430   -0.7361
    1.3819   -0.5476   -0.5727
    1.3810   -0.0260    1.1799
   -0.0531   -0.2799    0.2596
   -0.6465    0.2629    1.2363
   -0.2290   -0.5673   -1.0278
    0.2700   -0.4331   -0.4328
    1.4978   -0.4838    1.9966
   -0.5995   -0.2719    0.6651
    1.5814    0.7746    0.0214
    1.0855    0.9698   -0.6360
    0.0258    1.7071   -0.6648
   -0.6298   -0.5852    1.2883
    0.3270   -0.2344    0.8942
   -1.4988   -0.6531    1.1767
    0.2416   -0.3363    0.5169
    0.6263    0.2953    0.5091
   -0.5417   -0.0150    0.5419
    0.4780    0.1245   -0.2897
    1.5138    1.1395    0.5527
   -0.3399   -0.3594    1.4420
    0.3348   -1.1956   -0.7944
    0.3204    1.4275    0.2439
   -1.3789   -0.4947    0.0341
    2.1402   -0.1203    0.5846
   -0.8832   -0.7947   -0.0836
   -0.5511   -1.2154   -1.1625
   -1.1851   -0.1956    2.2292
    0.9740    0.0126    0.8303
    0.3135    2.1959   -0.8728
    1.1773   -0.2694    0.6026
   -0.3214   -1.1707    0.4684
   -0.8230    0.4547    1.8666
    0.7084   -0.0309    0.3786
   -0.1608   -0.6503   -1.1964
   -0.3025   -0.7995   -0.1882
    1.1875    0.4589    0.1895
    1.0787   -0.3932   -0.1325
    1.8432    1.0425   -0.7960
   -0.3502   -1.5507   -2.2551
    0.5656   -0.4442   -1.1147
   -0.6905   -0.9974   -1.1971
    1.2204    0.4506   -0.4091
   -0.2257    0.5465   -0.4201
    0.8923   -0.9619   -1.0439
   -1.5369   -1.0936   -0.3349
   -1.0726    0.4334    1.3241
    0.1832    1.3807    0.2435
    2.8361   -0.8430    1.3095
   -0.4607   -0.8613   -0.9478
   -0.9070   -0.6710   -0.0635
   -0.2873   -0.6546    0.5111
   -0.4014    0.4609    1.2968
    0.3322   -0.4211    0.8199
   -0.5430    0.3582   -1.2443
   -0.4684   -0.3924    2.3267
    0.5943   -0.9945    1.1753
    0.6842    0.4726   -0.5900
   -1.5094   -0.4309   -1.7389
   -0.4094    0.4074   -0.4736
    1.2900   -1.2423    0.4063
    1.3803   -0.6142   -0.2343
    0.0400    0.1103    0.6705
   -0.4270    0.3126    1.5677
   -0.0491    0.5013    0.7477
    0.3991    0.5553   -1.0002
    1.2111    0.1762   -1.3552
   -0.4429   -0.0869    0.7992
    1.3326    0.9968   -1.8777
   -1.2443   -0.2589   -0.7215
    1.9010    0.0594    0.2319
   -1.3749    0.5861    3.1036
   -1.4688    0.8207    1.8419
   -0.2395   -0.0188    1.7073
   -0.9059    0.1235    0.4415
   -1.1905   -0.7196    0.1313
   -1.8136   -0.3147   -0.1319
   -0.4444    0.3978   -0.9322
   -0.4572    0.6725    0.8386
    1.8039    0.1332   -0.9843
   -0.8766    0.6753    1.7944
   -0.6839    1.6712   -1.2515
   -0.6463    0.0654   -1.0976
    0.3068    0.2863    0.9342
   -0.9760    1.6058    0.2932
    0.7220    0.8202    0.6298
    0.7088    0.7986   -1.6822
   -1.3658   -0.0480   -1.2570
   -0.6114   -0.1645    0.9427
   -0.0072   -0.4173   -0.8526
    0.3782    0.6240   -0.2342
    0.4029   -0.3695   -0.1047
   -0.0992   -1.6192   -3.4463
   -0.9859   -0.4992    1.1628
    0.9983   -0.9665    0.3327
   -1.5229   -0.1388    0.6743
   -0.2150    0.9548   -0.4386
   -0.1220    2.1518    1.2119
    0.5019   -1.4492    0.8930
    0.3634   -0.7294    0.7541
   -0.1570    3.2333   -0.3733
   -0.8580    0.6169   -0.4326
   -0.7489   -0.9337    1.3719
    1.8583    0.8949   -1.4758
    1.2919   -0.1435    0.2721
   -1.3453   -0.6469   -1.6287
   -1.6677    0.2641    1.2439
   -0.2932    0.7924   -0.0940
    0.3730    0.4324   -0.1516
    0.0447   -1.6352    0.2642
   -0.2662   -1.9622    0.0414
   -0.1110    2.6031   -0.2407
   -1.0961   -1.7502    0.4166
   -0.2546    0.5202   -0.6578
   -0.1138   -1.6423    0.5427
   -0.6634   -0.2213   -0.7733
   -0.7098    0.5099   -0.0742
   -1.5395   -0.1942    1.8268
   -1.9475    0.7840    0.4110
    0.9738    0.9755   -1.6001
   -1.1594   -0.3026   -1.2006
    0.5695    1.8284    0.6508
   -0.5928    0.7627    1.0184
   -0.8283    0.1513   -0.9103
    1.2468    0.2775    0.3947
    0.1884   -0.1990    0.6646
   -0.4580    0.7753    1.8477
   -0.0143    1.1732   -0.3772
    1.8325    1.5300   -0.5352
   -0.5766    1.2055   -0.4342
   -1.3785    0.8937    0.1626
    0.0173   -0.2550    0.8929
    1.3344    1.5224   -0.4471
    0.7586   -1.3313    1.0186
   -0.2108    0.8521   -0.6482
   -1.5705    0.2253   -1.0979
    0.5224   -0.2981    0.5067
    0.3809    1.5326   -0.1212
    1.4603   -0.7566    0.1731
    1.1638   -0.7017    0.1186
   -2.2578   -1.2182   -1.4471
   -1.8144    0.6522    0.5663
   -0.4889   -0.6044    0.3587
   -0.1661   -0.8886   -0.7759
   -0.7456    0.5684    1.4755
   -0.0151   -0.0778    1.4207
    0.6788   -1.9445    0.8872
    1.1851    0.7038   -0.7797
    1.0204    0.4684    0.0631
    0.9062   -0.7280    1.3486
    1.6890   -0.5358   -0.2186
   -1.7788    1.6171    1.1560
   -0.3831   -0.2404    1.8693
    1.5241   -0.8088   -1.2073
    1.6428    0.6435   -2.3350
    0.6169   -0.1238   -1.0920
   -1.6553   -0.4121    0.1714
    1.2452   -0.6703    0.5063
   -0.4212   -0.4706   -0.3974
   -0.3874   -0.0196   -0.9273
    1.8423   -2.1211    0.1960
   -1.1411   -0.4173   -1.0164
   -0.7872    1.1181   -0.1777
    0.2019    1.6307   -2.2625
   -0.6116    0.5400    1.0936
    0.2572    0.8844   -0.3022
    1.6809   -1.4995    0.2756
    0.6858    0.1495    1.3256
   -0.3375   -0.4512    0.1368
   -1.0691    0.2810   -1.7188
    0.2952    0.3048    0.2153
   -0.3104    0.8217   -0.3876
    0.2625    1.4849    0.7670
    1.3017    1.2333    0.5432
    2.0555   -0.4100    0.4535
    1.1971    1.2347   -0.5308
   -0.9565   -0.7496   -1.0136
    0.7890    0.6388    0.0149
    1.3719    0.6682    0.3541
    0.2783    0.3144   -0.5732
   -1.6319    0.3334   -0.4984
   -0.1378    0.1569    0.0356
   -0.8190    1.3660    2.4690
    0.5156   -1.5422   -1.0287
   -0.8263   -1.4120   -1.0887
   -0.1591   -2.0852    0.1600
    1.6223   -0.2663    0.5385
    0.8400   -0.4302    1.4088
    0.8100    1.6280    0.5318
   -0.3302   -0.5412   -1.0428
   -1.0679    0.2036    2.0916
    1.2512    0.8111   -0.7447
   -0.0579   -1.6393   -0.1717
   -0.1978    0.7835    1.5566
    0.7967   -0.3715    0.5882
    1.4082    0.5609    0.3508
    1.6808   -1.8765    0.7460
    1.4030   -0.0357   -2.1722
   -0.9863    1.7430   -0.5259
    1.0428   -0.6991    1.0001
   -0.1899   -1.4395    0.3005
   -1.3809   -0.4668    1.2870
    0.0075    0.0624   -1.6106
    0.3242    1.1613   -0.6358
    0.0127   -1.2429   -1.0903
    0.9217   -1.8253    0.3547
    1.1732    1.0381    0.3882
   -0.0279    1.0571    0.6291
   -1.2820   -1.2325   -0.7385
   -1.0327    0.4797   -0.6170
    0.2231    0.9915    0.3304
   -1.6394    0.2399    0.1258
   -0.4575    0.2057   -0.1990
   -0.2602    0.0603    1.0790
    1.4075    1.4805   -0.3079
   -0.0352    0.7773    1.2060
   -0.5253   -0.0218    0.4582
    0.4944    0.6334   -0.5429
    1.2252   -0.2626    1.2956
    0.5333    0.9087   -1.7116
   -1.3967    0.7311   -1.4705
   -1.3942   -0.0175   -1.2946
    0.1872   -0.0115   -0.3579
    1.9032   -1.2869   -1.0412
    0.4902   -1.4102   -0.2814
   -0.8762    0.4147    1.4163
   -1.4042   -0.2117   -1.2730
   -0.4698   -0.5242   -1.0046
   -0.6505    0.6371    1.0633
   -0.1359    0.6276    0.0238
   -1.2152   -1.2859    0.4811
   -0.8430   -0.1847    0.5413
   -1.1349   -0.1984   -0.3692
   -1.0805    0.2430    0.3402
   -1.6610    0.3176   -1.2227
    0.7499    1.8460    0.0338
   -0.8119   -0.9210    0.3804
   -1.1894    0.4443   -0.6874
    0.0075    1.1470    0.7230
   -1.1567   -0.6103   -0.6129
   -1.1804    0.4797   -1.0705
    0.4368   -0.8758    1.3617
    1.0368    0.6229    0.2787
   -1.2873   -0.3688    0.5371
   -0.8292   -1.9818   -0.4596
   -0.9260   -0.7847    0.3447
   -0.5513   -1.0260    1.4723
   -0.5156    0.5200    0.1727
   -1.3543    1.1265   -0.8540
   -0.9190   -1.3580   -2.0452
   -0.3413    0.8098   -0.9928
    1.6707   -0.3637    0.5059
   -1.6648   -1.4491   -1.2852
    2.1178    0.8954    0.1549
    0.4469    0.0854    0.9038
   -1.7456   -0.3810   -1.0654
    0.1064    0.8021   -0.3630
   -0.7794    1.2270   -1.2517
   -0.0365   -0.3041    1.8383
   -0.0724   -0.3202   -0.8765
   -0.3160   -0.6309   -1.1766
    0.4221   -0.3769    0.6959
   -0.9133    0.6391    1.0085
   -0.3934    0.4393    0.4339
   -0.1111    0.6532    1.1717
    1.2932    0.1939    0.6126
    0.6251    1.7918   -0.3657
    0.5157    0.0944   -1.4589
    1.1695   -1.3696    0.1662
    1.6918    0.5868   -1.7595
   -0.7593    1.2509   -0.5220
   -0.5166   -1.0777   -0.8521
   -1.2250    1.0675    0.8658
    0.0808    1.7495   -0.6101
   -0.5918   -1.2757    0.3369
    0.7964   -0.5726   -0.5762
    0.3563    1.4548   -0.5714
    1.0318   -0.9920    0.7077
    0.2073   -0.1961    1.0226
   -0.6512   -1.0919    0.4244
   -1.5667    1.3222   -0.9605
   -0.6780    0.3896   -1.1893
   -0.6151   -1.7467   -0.5896
    1.8216   -0.1222    0.4529
    2.4973   -1.4970    0.0090
    0.1037    0.5167    0.2704
   -0.2777   -0.8254   -1.4001
   -0.2837    0.3325    1.2225
    1.0154    0.9372   -0.0624
   -1.4969   -1.4089   -0.8057
    1.0205   -0.6209    0.6684
   -0.6381   -0.6393    0.3399
    0.6914    0.7342    0.0274
   -0.2509    1.9205    0.0549
   -0.4593    0.2524    0.7962
   -0.3017    0.2124    0.2835
    0.8259   -0.5905    0.1211
    0.2561   -0.7001    0.6787
    1.8940   -1.4330   -1.4948
    0.6549    0.3578    0.4841
   -1.6384   -0.5755    0.5255
   -0.4038    0.2767   -1.0720
    0.8280   -0.3329    0.9370
   -0.9217    0.2444    1.0832
   -0.7513    1.4978   -0.8063
    0.0850    2.7992    0.0070
    2.3853    0.9538   -0.1019
   -0.2133    1.3425    0.7802
    1.2549    1.3060   -1.3992
   -1.6398    0.5925    1.1846
    0.1727    1.0309   -0.3993
   -0.8575    0.0000    1.9906
   -0.4296   -0.8395    0.0527
   -0.7333    0.6433    0.3154
    0.1255   -0.6665    0.2111
    1.3822    0.5145   -1.3705
   -0.0273   -0.7183    2.1048
   -0.7873   -0.7187   -1.1260
   -0.6761   -0.5698    1.2472
   -0.5647    0.8621   -0.9532
   -0.8066   -0.2245   -1.0011
   -1.3092    1.1018    1.3281
    1.7140   -0.4513    1.0495
    0.2953    2.0274    0.0294
    1.6443   -1.4891   -1.2025
   -1.4249   -1.0519   -1.4084
   -1.0447    0.5301    0.3999
   -0.3298   -0.3384    0.2912
    1.2009    2.4070   -1.1938
    0.0060    0.1236   -0.7026
   -0.4285    0.7026   -0.2609
    0.2730    0.5703    0.1048
   -0.2780   -0.5633   -0.8837
   -0.7211   -0.2835    0.3841
    2.3413    0.2181    0.8683
   -0.5423   -0.3260    0.4247
   -1.1363    0.1726    2.5968
   -0.6729    0.0581    0.5772
   -0.7178    0.3366    0.5463
    0.5631   -0.0104    0.9758
   -0.1357    1.1644    1.2572
    0.5827   -0.7574    0.1985
   -1.5359   -0.2998   -1.8473
    0.6763    0.6040    0.3799
    0.8420    1.3597   -0.8472
    0.2545    0.0414   -2.5957
    1.7824    0.3851   -0.9756
   -0.0533   -0.1427   -0.0526
    1.3390    0.6087   -1.4004
   -0.5827    0.3394    0.2969
   -1.7766   -0.5527    0.3466
    0.9546   -1.3588    0.6665
    0.7760    0.3391    0.7016
    0.1797    0.5360    1.3037
