 -0.1108   -0.6497    1.4641
   -1.0187   -0.6059   -0.6563
   -1.0235   -0.3698   -0.6098
    1.3990   -2.4213   -0.6179
    1.1702    0.1006    0.5179
   -0.0609    0.6224   -0.1147
    2.1169   -0.4129    0.7588
   -0.2831   -2.1062    0.9059
    0.3299   -0.0134    0.7912
   -2.5608   -1.1855   -0.2407
    0.3483    2.8425    0.8365
    1.0065   -0.1716    0.0571
    0.6668   -0.9870    0.0892
   -0.9182    0.7627    0.5406
   -0.5830    0.1399    0.8367
   -0.8728   -1.4063    0.7531
    1.5327    1.0266   -0.9599
    1.3735   -0.7253   -0.5885
    0.1813    0.8323    0.4047
   -0.0771   -0.5650    0.1877
   -1.3102   -0.3110   -0.6658
    0.0364    0.8616   -0.6003
   -0.1993   -0.6149   -0.0741
   -2.0792   -1.3224    0.3071
    0.7016   -0.8074    1.0486
    0.2749    0.4779   -1.0815
   -0.4444    0.2469    0.3565
   -0.5271   -1.4085   -0.1990
    0.8939    0.3109    0.6557
   -2.0340   -0.5599   -0.2939
    0.1909    0.5174   -1.2785
    1.2714   -1.6436   -0.8195
    2.4398    0.3595   -0.0731
    0.2865    0.8089   -0.6263
   -0.3128    0.8991   -0.4779
   -1.3186   -0.7398    0.6515
   -0.9036   -0.2588    1.1075
   -1.2059    1.0539   -1.1030
    0.6992    0.2259   -0.3297
   -0.2100   -4.5004   -0.6126
   -1.4593   -0.7296   -2.2251
   -0.2375    0.8278    0.0649
    1.3572   -1.2059    0.0046
    0.4482    0.8319   -0.1061
   -0.0343    0.5967    0.1264
    0.2216   -0.8135    1.7978
    0.9144    0.9499   -0.5066
    1.1054   -1.3512   -0.8878
   -0.2815    1.6631    1.4401
    0.8604   -1.5876   -2.2630
    0.1594    0.2177   -0.1109
   -0.5254    0.1965   -0.2510
   -0.8283   -0.6895    0.6807
   -0.2052    0.6536   -0.2388
   -0.5447    0.1310    0.5939
   -0.6422    0.5137    0.0692
    0.4273    1.2877   -2.6061
    1.1064    1.4883    0.6788
    0.1167   -0.0675    0.0078
    0.6337   -0.0322    3.3659
    1.2247   -0.6245    0.2925
   -0.3840   -0.8416    0.4738
    0.4476   -3.3062   -0.1716
   -1.5437   -0.7520   -0.0217
    1.2092   -0.4394    1.6505
    1.7310   -1.1464   -0.5309
   -1.1136   -0.1204   -0.7945
    1.1710   -0.5137   -1.1049
    1.0227   -0.6350    0.3878
   -0.4640   -1.9141   -0.6873
    1.8563   -0.2640   -0.6122
   -0.4741    0.3714   -0.4047
    0.6801    0.3510   -0.1058
   -0.1726   -3.1300   -0.6983
   -0.7549    0.7210   -0.0628
   -0.5461   -0.7104   -0.3924
    0.6239   -0.4059    2.8047
   -0.1013    1.2247    0.9517
   -1.5645    0.4284   -1.0474
   -0.2584   -0.2410    0.6052
   -0.1855   -0.4125    0.3045
   -0.7085    0.1280   -0.3711
    1.0481    0.1573   -1.2733
    1.7979   -0.2224    0.6439
   -0.7579    0.9811   -0.8094
   -0.2010    1.9545   -1.2308
    0.8135   -0.0654    0.3649
   -0.0419    0.3241   -0.0156
   -0.7793   -1.0719   -1.3948
   -0.7305    0.3358    0.4775
    0.8801   -2.8292   -0.4585
    1.1081   -0.1718    1.0556
   -1.6863   -0.4609   -0.6513
   -0.3057    1.1762   -0.2081
   -0.5623    1.1756   -0.2441
    2.2947   -0.2521   -0.5659
    0.5472   -0.8447    0.5837
   -0.1128    1.5496    0.6768
   -1.0624    0.4508   -0.0763
    0.4466   -0.5978   -1.0941
    1.4688   -0.9282    1.4899
   -0.7043    0.8992    0.1527
    0.5389   -0.5009    1.5693
   -0.5981    0.2105    0.4560
   -0.5108   -0.2882    0.9931
   -1.1000   -0.8001   -1.6419
   -0.0483    1.5810    0.5324
    0.1947    0.5628   -0.2064
   -0.5208   -0.3703    0.4355
    2.2803    0.4789   -0.0719
    1.1691   -3.0384   -1.0350
    0.0271    1.3445    0.4417
   -1.2235    1.0544   -2.4265
   -0.9061   -0.1645   -0.0662
   -0.3015    0.4685   -1.2899
   -0.4346    0.3742    0.4979
    0.6519    0.5820    0.1740
   -1.5443    0.4252    0.1900
   -1.1260   -1.0446   -0.2433
   -2.5085   -0.9533   -0.0476
    0.6045   -0.6912   -1.1642
   -0.5142   -1.0632   -1.5807
    0.9322   -0.8875    0.0913
   -1.1448    0.9138   -0.8032
    0.3617    0.9555   -0.4735
    1.1580    1.7723    0.3634
    1.4006   -0.5783   -1.5649
    0.4784   -5.0156   -1.0266
    1.1964    1.4485    0.8822
   -0.3881    0.2395    0.4580
    0.9252    0.6904   -0.6598
   -0.8882    0.4677   -1.8801
    0.0907   -0.2321   -2.6246
    0.1519   -0.2251    0.0882
   -0.4979    0.3066    0.3209
    0.8787   -3.0242   -0.3746
    2.0784    0.2348   -0.5014
    0.0237    0.7259   -0.1727
    1.7141   -2.6225   -1.6440
   -1.0755    1.1870    0.4755
   -0.4160    0.2274   -0.5510
   -0.7533    0.4684    1.3662
   -0.2549   -0.6459    3.4358
    1.3603    1.1583   -1.5960
    1.6246   -1.8720   -1.0321
   -0.6715    2.3721    0.3761
   -0.4325    0.1403   -0.9375
   -1.1308    0.3699   -1.0382
   -1.2564   -0.5314   -0.2099
   -0.0842    0.7554    2.3353
    0.2212    0.4690    0.1340
    2.2527    0.4632   -0.1288
   -0.3511    0.6796    0.7866
    2.0744   -0.8446    0.3778
   -1.0355    0.2005    0.7731
   -0.9606   -0.1320    0.7841
    1.2408    1.0010   -0.3830
    0.3705   -2.9754   -0.4461
   -0.2225   -1.6648   -0.6564
   -1.0084   -0.7720    0.9716
    0.2658   -0.0306    0.8722
    0.0686   -0.6593   -0.4752
    0.6685   -0.0280   -0.3549
   -0.6963   -0.3522    0.8463
    0.4348    1.0810   -0.4136
   -0.5840    0.4691    0.3828
   -0.5764    0.0003   -3.9657
   -0.6644    0.0829    1.7378
   -0.6300    0.1652   -1.8621
   -0.7873    0.2790   -2.2921
    0.6291    1.3335    0.4453
    0.7815   -0.7908    0.3730
    0.1071    0.2520   -0.4019
    1.6838   -0.5096    0.5882
   -0.2412    0.4053    0.5011
   -0.5342   -0.0842   -0.0539
   -0.9387   -0.2132   -0.1819
    1.2177    0.2268    0.5752
   -1.5021   -0.8424    0.6960
    1.4468   -1.6536    1.7797
   -0.0951    0.4621   -0.7846
    0.4478    1.5413   -1.2035
    2.1623    0.9179   -1.7057
   -1.4864   -0.5537   -0.5721
   -0.5400   -0.9645    0.8004
   -1.2542   -0.1417   -0.8851
   -0.1599    1.5741   -1.1655
   -1.3617   -3.1967   -0.2028
   -0.5307    0.3239   -0.5145
   -0.0264   -0.4739    0.6064
    1.0989   -0.8544    1.4549
    0.9231    0.0950    2.3540
    0.1470    0.7456    0.1674
    1.6958    0.5493    1.7539
    0.0922   -0.3753   -0.0761
   -0.3289    0.5775    0.0850
    0.2089    1.1100   -1.0243
   -0.0311   -0.4416   -0.8562
   -0.7500   -0.5115   -1.2501
    0.2485   -0.0573   -0.9527
   -0.3194    0.9795   -0.9564
    0.0416   -0.6503   -0.1042
    1.9047   -0.1312    0.1711
   -0.7228   -0.8621   -0.1263
    1.2428   -0.8184   -0.7792
   -0.9384   -1.1245   -1.3638
    0.9049   -0.0942   -0.5642
   -0.1655    0.9410    1.8046
    1.3509   -0.2670    0.3721
   -1.9851   -0.7851   -0.9943
    0.5577    0.0932    0.5661
    0.3284    1.1473   -0.3604
   -1.1166    0.5491   -0.3169
   -1.1906    0.0237    0.4812
   -0.4150   -0.0709    0.4294
   -0.3034    0.8842   -0.7808
    0.8363   -2.1632   -1.8594
    0.7491    0.6254    0.5582
    0.0386    1.1241    0.1167
    1.3572   -0.6938   -0.6913
    1.8985   -0.1171   -0.1828
   -0.3704    1.3231    0.8722
    1.9589   -0.5730   -0.5430
    0.2498    1.3974    0.5017
   -0.1503    1.4074   -0.3446
    0.4928    0.0943    0.5466
   -0.5564    1.0307    0.3567
   -1.2264   -0.4780    0.7007
   -1.0279    1.0997   -0.0685
    0.3468   -0.1724   -3.5210
    0.3708   -0.1775   -0.1048
   -0.4919    1.8740   -0.3292
   -0.4748    0.2030   -0.4734
   -0.1569    0.7326    0.1422
   -1.2852   -0.1607    0.3223
    0.6445   -0.2141   -1.1463
    0.1081    1.2034    0.2236
    0.3632   -1.0199    2.2746
    1.2903    1.3620   -2.3942
    2.6298   -0.7823   -0.6717
   -1.7550    0.0191    0.1281
    0.1664    0.5775   -0.8271
    0.4708    1.2036   -0.6430
    0.8725   -2.0556    0.3744
   -1.2808    0.5902   -0.3100
    0.4389   -1.1577   -0.5933
   -0.5370   -0.7517    0.1934
    0.5737    0.7010    1.0026
   -0.9888   -0.8065   -0.3796
   -0.5025   -2.0384   -0.4332
    2.2365   -0.2470    0.2408
   -0.9002    0.9001    0.5552
   -0.3816   -0.9315    0.7614
   -1.0411   -0.7441    0.9365
   -0.2590   -0.0207    1.5041
   -0.1760    1.0314   -1.0129
   -1.5640   -0.9438    0.1868
   -0.0586    0.5094   -0.5636
    0.1352    1.0727    0.5112
   -1.6175    0.1262    0.2950
   -0.0134    0.4383   -0.3335
   -0.0026    1.0127   -0.7617
   -1.2642    0.1982   -0.8445
   -0.5811   -1.8477   -0.3296
    0.2509    0.4948   -0.6754
   -1.3016   -0.3669    0.2115
   -0.0414    1.3424    0.7173
    0.0511   -1.2205   -0.5938
   -1.0420   -0.4499    0.4692
    1.7826    0.7862   -0.1576
    1.1909    1.2643    1.6647
    0.3094   -0.5644    0.2170
   -0.7779   -0.8088    0.2799
    0.4552    0.8807    0.2976
    0.3616    0.7698   -0.3996
    0.3541   -0.1105    0.5081
   -1.5265   -1.3672    0.9571
    1.4123   -1.3661    1.3165
    0.0804    0.2622   -0.1093
    1.1539    0.5034   -0.6342
   -1.2523    0.4625   -1.5645
   -0.8609   -0.3014   -0.3187
    0.0405    1.6097    0.4014
   -0.6307    0.8640    0.7343
    1.3108    0.3736    3.4443
   -0.0470   -1.7619    0.3082
    0.6328   -0.1696   -1.2123
   -0.3606    0.8905    0.2087
    0.4058    1.1221   -0.0144
    0.5023    0.7825   -0.5621
   -2.2053   -1.5465    0.0748
   -0.7895    0.1437   -1.3068
   -1.8116   -0.3930    0.1960
   -0.5920    0.2116    1.6743
    0.1077    1.3138    0.4068
    0.2045    0.0774    0.4536
   -0.3982   -0.3523   -1.1351
    0.5064    0.4826    0.0926
   -1.0894   -0.2787    0.0337
    0.3346   -0.1940   -0.9780
   -0.6213    0.9355    0.1987
   -0.1736    0.5475   -0.1278
   -0.6110    1.7046   -0.3626
   -0.6196    0.6450   -1.0129
   -0.0988    0.2349   -0.3241
    1.3631   -1.9594    0.8312
    1.9820    0.2043    0.8825
   -0.0295   -0.1982   -0.8420
   -0.4290   -0.1770    0.1510
    1.6049   -1.1606    0.0336
    0.1996   -0.4704   -0.7429
   -0.8564    0.8144   -1.4970
   -1.5440   -0.3960    1.0426
    0.6627   -0.3633    2.3337
   -0.2870    0.4590    1.8853
   -0.3496    1.7165    0.9542
   -0.4286   -0.6591    1.4377
   -1.4300   -0.4185   -0.1355
    0.7890   -0.9268    0.1181
   -0.5724   -0.3951    0.3245
   -1.1168    0.3904   -0.1267
    0.1192   -0.5387    0.0929
    0.7791   -2.1465   -0.8121
   -1.2405    0.5467   -0.1257
   -0.4098    0.2690   -0.4465
   -0.3875   -2.7866   -1.0305
    1.3778   -0.7118    3.3084
   -0.0421   -0.6430    0.8314
    0.2724    0.2749    0.0931
   -1.3628   -0.3499    0.2849
    0.9336   -0.3534    1.2099
    0.8657   -0.5165   -0.2496
    0.6360    1.5449    0.3405
   -1.4135    0.5487   -1.3226
    1.2970   -1.2611    2.4000
   -0.3544    1.7070    1.0238
   -1.0305   -0.4892    1.5024
    0.3810    0.6484    0.6036
    0.3138   -0.0121    0.3299
   -0.6152   -0.3001    0.7563
    0.5757   -1.8922    1.0391
    0.1299    1.0192   -0.1225
    0.9807    0.1971    2.0950
   -1.2440   -0.1253    0.1156
    0.1013    0.9998    0.2595
   -0.1343    0.6247    0.5142
    0.4434    0.6920   -1.0802
   -0.4317    0.6448    0.6517
    1.1108    0.6303   -0.5698
   -0.4693    0.9042    0.7904
   -0.6653    0.2618   -0.7626
    0.0913   -2.7329   -0.6613
    1.2587   -0.0313    1.7703
   -0.8314   -0.2647    1.5950
   -0.4461    0.2036    0.6531
    0.4790    0.5395    0.0110
   -0.3390    0.8557    0.8596
   -0.5402    0.4758   -0.6027
    2.0617   -0.9289   -0.4835
    0.1433   -2.0451    1.8682
   -0.3831    0.2170   -0.0371
   -0.4718    0.3338   -1.3190
   -0.4828   -0.5771    2.0669
    0.7006    2.2757    0.5744
   -0.2368    1.1458   -0.4846
    1.2195   -0.1898    0.0126
   -0.3910    0.0337    0.6812
   -0.8877    0.5052    0.5553
    0.7686    0.4629    0.1774
   -0.7806    0.0109    0.8549
    1.0018   -0.6237   -2.8909
    0.5057   -0.0062    1.7900
    0.2419    0.9164    0.3837
   -1.1883   -0.0643    0.4463
   -0.3921   -0.6572    0.2547
    0.2416    0.4161   -1.3469
   -1.0704    0.8332    0.6855
    2.6597    0.1437    0.4846
    0.8348   -2.1951    0.6700
    0.1029    0.7409    0.2264
   -0.7110    1.2944   -0.2279
    1.0514   -2.7370    0.5530
    0.3031    0.4907   -0.3229
   -0.3891    0.8866    0.4749
    0.2338    1.1098    0.1786
    0.0046   -0.2709    0.7365
    0.0446    1.3066    0.9515
    0.7951    0.3625    0.0733
    0.8068    0.0281    1.4431
    0.7524    0.4544    0.8782
   -2.0793   -0.5594    0.1600
    0.7197    0.7319   -1.1775
   -1.0371   -0.7310    0.7063
    0.0736    1.7459    1.3933
   -0.7771   -0.1980    0.1647
    1.1242   -2.1603    0.6189
   -0.2173    0.3183    0.2434
    0.7591    0.5595   -0.4272
   -2.3385   -1.2755    0.7065
    0.5317   -1.3985   -1.3178
   -0.3995   -0.1408    0.1863
    0.1482    0.9949    0.2572
   -0.4274   -0.4288   -0.1693
    0.3569    1.3324   -0.8652
    1.0580   -2.7677   -0.9894
    0.5979    0.6729   -0.4422
   -0.2008    0.0636    1.5316
    0.6192    0.7616   -0.7554
    1.4267    0.9512   -2.2418
    1.5291    0.3508    0.4012
   -0.0335   -3.3948   -1.0773
   -1.7558   -1.7731   -0.5235
    0.2635    1.3838    0.0226
    1.9176    0.7248   -0.6137
    0.4248    1.3112    1.7263
    2.4964   -0.2856   -0.6473
   -0.2703   -2.3303    0.6780
    0.7609    0.7810   -0.0048
    0.6901    1.4287    0.6411
   -0.9512    0.0289    0.3174
   -0.9358    0.5616   -1.1054
   -1.0743    0.7774   -0.0453
   -1.2937   -0.0063    0.1817
   -0.8828    0.5388   -0.4105
   -0.3288   -0.3983    0.9873
   -0.5886   -0.4443   -1.2867
   -1.6787    0.1387   -1.3380
    1.5159   -2.2380   -0.8245
   -1.1536   -0.2831   -0.0539
    0.5413    0.4052   -0.4877
   -1.9715   -0.3133   -0.9517
    1.4009   -1.9978    0.3776
    0.1992    0.3733    0.2338
   -0.2591    0.8616    0.0782
   -0.9768    1.0066   -0.2904
    0.5318    0.4569    0.6023
   -0.7801    0.2164    0.9499
   -1.3584   -1.5343    0.4804
   -0.6979    0.6548    0.0516
   -0.2096    2.1171   -0.8587
    2.0316    0.0720    0.0589
   -0.0179    1.0353    0.4965
    0.6348   -1.1194   -0.8235
   -0.8558    1.3883   -0.7817
   -0.1494    0.8746    1.1730
    0.8115    0.1047    0.1632
    0.1157   -0.3500    0.4353
    0.2637    0.9870    2.6992
   -0.3447    0.8127   -0.0475
    0.1297    0.0659   -0.4816
   -1.6358    0.0168   -0.9648
   -0.1275   -2.5659   -0.7674
   -0.0987   -1.2046   -0.5500
   -0.2770   -0.1836    0.0904
    0.3354    1.8011   -1.6795
   -0.5148    1.5325   -0.0145
   -0.1826    1.5663    1.3969
    2.1739   -1.8419   -0.0820
   -0.9520   -0.4737   -0.9239
   -0.5869    0.8151   -1.1869
    2.8909    0.9777   -1.4575
    0.5726   -0.0529    0.3893
   -0.8987   -0.1770   -1.1868
   -2.0526   -0.7425   -0.4710
   -0.7545    0.6980   -1.5054
    3.0011   -0.0959   -1.1417
   -1.5457    0.4270   -0.5812
   -1.3228   -0.1934    1.1398
    1.8571    0.1780    0.8966
   -1.2663   -1.6412    0.7853
    0.0492    0.6043   -1.2868
    1.7529    0.3623    0.7014
    0.7194    0.0947   -0.0954
    0.2299    0.6677    0.3104
   -0.3369    1.0677    1.0171
   -0.5829   -0.4778    0.2632
   -1.5911    0.3191   -0.0789
    2.9952   -1.4444   -0.4814
    0.8138   -0.7661    1.9691
   -1.2472   -0.0002   -0.9427
    1.2505    1.8012   -0.3005
   -1.3817   -0.9011    0.5292
   -0.5523    0.7813   -0.8020
   -0.1351    0.7455   -1.2170
   -0.0205   -0.2974   -1.0952
   -0.4527    1.0125   -1.3694
    0.5126   -0.0698    1.1225
   -0.5990    1.3429    0.1069
   -0.1188    0.9566    0.4518
   -0.6678   -0.5737    0.1145
    0.2711    0.7260    0.3849
    0.2807    1.0232   -0.2337
   -0.3478    0.1102    0.0021
    0.5381   -0.2402   -0.4032
   -0.1062    1.7472   -1.3056
    2.0331   -0.8894    1.7883
    0.1065   -0.1215    0.4747
   -1.1134   -0.5251    0.2138
   -0.7371    0.1212   -2.0541
    2.1804    0.1361   -0.0058
   -1.4284   -0.3835    0.1951
    1.8177   -1.6803   -0.6659
    1.2945    1.6836    0.4192
    0.2221    1.0489    0.1926
   -1.3070   -0.1280    0.5691
    0.8499   -0.0355   -1.1775
   -1.3152   -0.4127    0.0914
   -1.1189   -1.0465   -0.0643
   -0.3755    1.2238   -0.3870
    0.0460   -1.6527    0.1544
    1.0185    0.9313    0.1950
   -1.5517   -0.3496   -0.6897
    0.7280    1.0404    0.2275
    0.0991    0.6349    0.8408
   -0.4838   -1.3448   -0.7496
    1.6975   -2.2833    0.1161
    1.2639    1.5648   -0.1535
   -0.0022   -0.3304    0.3141
    0.4525    0.0535    0.0621
    1.1450   -0.1802   -1.3491
   -0.1984   -0.8539    0.1834
   -0.5934   -0.0727    1.9095
   -0.9403    0.4637   -0.0149
    1.4839   -0.3505   -0.2341
   -0.4268   -0.7170    0.8363
    0.2328    1.4560   -0.3462
    0.1225   -0.1690    0.0107
    0.4645    1.3484    2.5453
    0.6591   -1.8510   -0.3504
   -0.4766    0.3275    2.6071
   -0.3991   -0.3163    1.8503
    0.7994   -1.0735   -1.1498
   -0.1217    1.4825    0.3572
   -1.6463   -0.4605   -0.6931
    0.6136    0.2512    2.2961
    1.8755   -0.5370   -0.5427
    0.0562    0.6473    0.5805
    0.4047   -0.3056    1.8718
    0.3585    0.9429    3.4621
    0.1145    1.2051    0.3438
   -0.0405    0.2260   -0.9518
   -0.3506   -0.0472    2.0365
   -1.9417   -0.8582    0.4336
   -1.4460   -1.3024    0.3560
   -0.2403   -1.6622    1.9247
   -1.0275   -0.0347    0.2659
    1.2847   -1.7637   -1.2809
   -0.6737    0.4182    0.4600
   -0.7578    0.1386    0.0470
    0.4579   -0.6357    1.4397
    1.3174   -2.2959    1.9586
    1.1370   -0.6243    2.7517
   -0.3743   -0.5414    0.1144
    1.2980   -0.0670    1.7709
    0.8210   -1.1581    0.3016
    1.3016   -1.8037   -0.8333
    1.0808   -1.0919   -0.1541
    2.5391    0.4104   -1.6118
    0.7500   -0.6635    3.5582
   -0.3390    0.7280    0.5556
    1.2304    0.3554    0.8141
   -0.4135   -0.0897    0.6970
    1.3277   -0.9148    0.6771
    0.9741    1.1725   -1.5320
    0.4064   -0.9481    0.2811
    1.2796   -2.0163   -0.4854
   -0.6975   -0.0036    1.5865
    1.3433   -0.7201   -1.0126
   -1.0632   -0.6342    1.0300
   -0.6000    0.6763   -0.7432
   -1.7347   -0.5621   -0.7845
   -0.1902    0.4156    0.0486
   -0.3516    0.3008    0.6002
    0.8522    0.6263    0.2869
   -1.1979    0.2363   -0.0646
   -0.0493    1.2103    0.0791
   -0.6854    0.3141    0.7541
    0.9081    1.1695    0.9992
    1.3299    0.8011   -0.7186
    0.3853   -0.1472    0.6939
   -1.5674   -0.5468    1.1078
    0.9826    0.9603   -0.7150
   -0.4917    0.6205    0.0618
   -0.9625   -0.0875    0.3498
   -0.2002    0.9627    0.7236
    0.9320    1.1043   -1.7327
   -1.1876   -0.4890   -0.8714
   -0.9071   -0.1049   -0.1920
   -1.4289   -0.2911    0.1547
   -0.4946   -0.4119    0.9590
    0.8252    0.2099   -0.1623
   -0.5559   -0.3144   -0.8317
    0.0865   -0.1888    1.6990
   -0.1988    0.0940   -0.2374
    0.2561    1.3868    0.6311
   -0.8056   -0.9164   -0.0291
    2.2733    0.6572    0.1464
   -0.7543    0.2351    0.6714
    0.8695    0.5509   -1.2236
   -1.2398    0.0252   -0.3822
   -0.5331   -0.0989    1.2144
   -0.4499    1.0559    0.5503
   -0.0261    0.6386   -0.8304
    0.0740   -0.2453   -1.1423
    0.2962   -0.8938   -0.2214
   -0.9840   -0.2469    0.2316
   -0.1307    0.5922    0.4079
   -0.0830    1.3128   -0.2772
    1.1134   -0.1905    1.6030
    0.9708    1.1104    0.5914
   -1.0283    0.8233   -0.3802
   -1.1661   -0.2687    1.4608
    0.1329    0.6484    0.1482
    0.3879    1.3638   -1.4213
   -1.8184   -0.1531    0.5284
    0.5351    0.0774    1.0918
    0.4539    1.7768    1.7339
   -1.2704   -0.2278   -2.3093
    1.2971   -1.9029   -0.8607
    1.6416   -2.0172   -0.3644
   -1.4834    0.1918   -0.4981
   -0.6246    0.3045   -1.4459
   -1.9143   -0.2409    0.4489
   -0.7144   -0.5062    0.5168
    2.4272    0.9264   -0.8126
   -0.1878   -0.7951   -1.0563
   -0.3853    0.2777    0.1856
   -0.7944    0.2916    0.3745
   -0.9110    0.4235   -0.0773
   -0.0114    0.2402   -1.0184
   -0.0978    0.0015    0.7553
   -0.3314    0.2109   -0.8366
    1.1602    1.0040    0.0831
   -0.3471    0.9050    0.3786
   -0.0211    0.1491    0.1559
    0.5951    0.4106   -0.3962
   -0.3796   -0.6333    0.2160
   -1.2555   -0.7226    0.2424
    0.1776    1.1948   -0.2129
   -0.3843   -0.0998    0.3950
    0.0169    0.5981    0.0862
    0.5275    0.6260   -0.0740
    2.2851    0.3492   -0.3002
   -0.5820    1.1560    1.4917
    0.7176    0.2378   -1.3236
   -0.3752    1.0767    0.3072
   -1.7406   -2.1203    0.1423
    0.8477    0.6938    2.4803
    0.7110    1.0948   -0.0635
   -0.9449    0.7050   -0.0399
   -1.0288   -0.6164    1.5469
   -0.2012    0.6515   -0.8823
   -0.3875    1.3852   -0.2239
    1.0484   -0.0232   -0.4346
    0.5674    0.5240    0.8924
    1.4483   -0.3827   -0.5174
   -0.7120    1.0075   -2.0557
    0.0567   -0.1384   -2.3169
   -0.2690    1.2347    0.7549
    1.0665    0.1603    0.1168
    2.1722    0.8622   -1.5884
   -1.1415    0.9919    0.4154
   -0.1650   -0.5174   -0.9015
   -0.4440    0.6665    0.9307
   -0.7124    0.7810    0.5817
    0.3144    0.2961    1.1460
   -0.4807    0.7325    0.4372
    2.1446    1.7732   -1.5581
   -0.0980   -0.8522   -0.9661
   -0.3652    1.7360    0.6863
   -0.2357    0.6389    0.7180
   -0.2942    0.7069    0.9062
    1.2796    0.6421   -0.2820
    0.4513    1.4342   -1.0451
   -1.2867   -0.0040    0.3721
   -0.6555    0.8713   -0.0382
   -1.4811   -0.9124    0.6580
    0.1494    0.9823    1.2712
   -1.1848    0.0517    0.6015
   -0.0288    1.0882    0.7355
   -1.1021   -0.6352   -1.9699
    0.2151    1.0111    0.1753
    0.7593    0.3458   -0.0442
   -0.9186    0.3206    0.2951
   -0.0808    0.4824   -0.2354
    0.0547   -0.6272    0.8938
    0.5605   -0.0497   -1.5363
   -0.8832    0.1477   -0.0226
   -1.7628   -0.8094    0.0361
   -1.1181   -0.4219   -4.2775
   -1.3574   -0.7620    0.4448
    0.8076   -0.4932    2.1792
   -0.0723    0.9843    3.0905
   -0.3694    0.0415    0.3341
   -1.2629    0.2961    0.4271
    1.7431    0.7677   -1.2111
   -0.4029    0.6480   -0.0247
    0.5055   -2.6708   -1.0776
    0.3017    0.0328   -0.3014
    0.7212   -1.3653   -2.9278
    1.1147    0.5656    1.2003
   -0.4788   -1.4279    0.5160
   -0.5540    0.5505   -0.1443
    2.5809    0.1826   -0.5588
    1.5498   -0.1229   -0.4302
    0.1916   -0.2100    3.3789
    2.2428    0.6104   -0.8189
    1.0947   -0.1298    0.8372
    1.6162    0.0809   -1.4810
   -0.3754   -0.2310    0.2706
    0.0284    0.4376    0.7578
    0.2413   -1.2414    1.9878
   -0.9995    0.1268    0.0220
    0.5101    0.9321    1.0555
    0.4380   -0.1490   -2.1479
   -0.3570    0.3424    0.6404
   -0.4813    0.1355    0.3976
   -0.6775    0.6545   -1.6818
    1.5192   -1.7808   -0.5122
   -0.3940    0.5154    0.1515
    0.0086    0.7454    0.0321
   -0.4904   -2.1773    1.1019
   -0.6900    0.4320    0.6393
    0.0717    0.5353    1.0789
    0.0284    0.4891   -0.6884
   -0.1796    0.2249   -1.4406
    0.3985    0.2217    1.0985
   -0.1263    0.7017    1.1299
    1.4252   -0.2299    0.9377
    0.5988    0.6863   -1.4749
   -0.2822   -0.1377    0.3035
    0.5564   -0.7166   -0.5984
   -0.0939    0.0899   -1.0957
    0.5037    0.3042    0.1096
    0.3386   -0.6025    0.2373
   -0.9875   -0.1673   -0.0381
    0.0232   -0.1205   -1.3118
   -1.1084   -0.6268    0.1068
   -0.9100    0.8276   -1.3270
    0.1486   -0.8027    1.0115
   -0.2535    1.1322    0.3430
    0.3311    0.4759    2.9758
    0.1781   -0.1579   -0.1022
   -1.4182   -0.4750    0.8496
   -1.0256    0.6144   -1.2823
   -0.3498    0.6525    1.0493
   -0.2016    0.3134   -0.3397
   -0.3947    0.0444    0.2969
    0.3831   -3.3137   -1.3809
    0.4278   -1.1570    0.5966
   -0.0367    1.0685    0.1546
    0.0141   -0.0563   -1.4220
   -0.4041    0.3355    0.0795
   -1.3563   -1.9673   -0.3615
    1.4044    1.4641    0.6988
   -0.3782   -1.4796   -0.0407
   -1.0736   -0.6987    0.0838
    0.2337   -0.1127    0.7411
    0.0431   -0.4786    0.8097
   -0.6313   -1.6918    0.3268
   -0.2188   -0.3502   -0.9987
   -0.8465   -0.3578    1.2555
   -0.0297    0.2340   -0.4850
   -1.1721    0.8707   -0.3890
   -0.1367    0.7321   -0.0975
    0.8060   -3.0656   -0.2491
    0.8725    0.1197   -0.7332
   -1.0069    0.4318   -0.4136
   -0.1858    1.2034   -0.1572
   -1.3086   -0.0496   -0.3299
    0.0787    0.0440   -0.4142
   -0.3330    0.5390    0.1805
   -1.7625   -0.7729    0.7135
    1.5672    0.5010   -1.1752
   -0.4487    0.6737    0.2815
    0.8713    0.4204    1.0060
   -0.7440   -0.4213    0.3866
    0.8057    0.1305    0.3276
    2.2019   -0.0781   -0.4116
   -0.0125    0.5750   -0.3777
    0.7273    0.3791    1.0183
    1.5176   -0.8501   -0.4105
    0.8941   -0.5599    1.4235
    0.9172    1.2608   -0.3992
    1.4565    0.6740    1.6434
   -1.3316   -1.0379    0.9036
    0.4127    0.2823    0.0002
   -0.0533   -0.7041    1.0550
    0.9607   -3.7926   -0.1225
   -0.8809    0.0985    0.4235
    0.8418   -1.2810   -0.8583
   -0.7709   -0.8315   -0.1995
   -0.2687    0.9677   -0.2947
   -0.0759   -0.3319   -0.7770
    0.2281   -1.6850   -0.8592
    0.3597    0.8447   -0.2415
    1.9569    0.5405    0.9057
    0.8769    1.3795   -1.0721
    0.8497   -0.0827    0.6341
   -0.8540   -0.8893    0.5979
   -0.7131    0.2116   -1.5148
   -1.4897    0.1298   -0.8822
    0.2811    0.1174    0.5373
    1.6870    0.2922   -0.1597
    1.5348    0.3316   -0.9703
    0.3048    1.8678    0.3497
   -1.7506   -0.9812    0.4252
    0.7871   -1.7950   -0.5047
    0.5872    1.3894   -0.1689
   -0.8405    0.3622   -0.9988
    0.1362    1.3236   -0.3805
    0.4750    0.5500   -1.8677
    1.6388    1.2783   -1.8753
   -0.7454    2.0665    0.6456
   -0.2243    1.3657    0.6819
    0.8640    0.4170   -0.2098
    1.7435   -0.5542    1.3556
   -1.2984   -0.4165    0.8208
   -1.1492   -1.0773    0.3291
   -0.6948    0.9332   -0.8154
    0.7650    0.8484    1.5934
   -1.0491    1.1882   -1.4605
    0.3421   -0.3749   -0.0110
   -0.0590    1.1760    0.6492
   -0.2087    0.7683    1.4552
   -1.3554    0.5998   -0.5817
   -0.6384    1.2157   -0.9888
    0.1392    0.2789   -0.8404
   -0.5568    0.0610    0.4611
    0.2881   -0.0876   -0.0185
    1.7613   -1.8896   -0.5416
    1.0878   -1.2721    1.0566
   -0.5249   -0.0289    0.8983
   -0.7984   -1.2926   -0.9038
   -1.9444   -0.0572   -0.3107
   -1.2153   -0.6546    1.3279
   -0.7671   -0.0047    0.6134
    0.6335    1.7426    0.3308
   -0.6707    0.3751   -0.2653
    0.6634    1.9191   -1.7662
   -0.8389    0.2872   -0.4163
   -0.2751   -0.6012   -0.3472
   -0.1542    2.1460   -2.1414
   -0.9971   -0.3587    1.1038
    1.5376   -1.2513    1.2913
   -0.1019   -0.0192   -3.0663
    1.5654   -0.2322   -0.1285
    0.3835   -0.0466   -0.6941
   -1.4813   -0.4405   -0.2159
    0.1403    0.8745    0.1899
    0.3695   -0.2310   -0.1547
   -0.8495   -0.9547    1.6616
   -1.3670   -1.5525    0.0811
   -0.1446    0.2696    0.5027
   -1.9704   -1.2733    0.3743
   -1.2344   -0.9505   -0.1809
   -1.0296    0.7324    0.9831
    0.9566   -1.7432   -1.4054
   -0.3105   -0.0562   -0.0573
   -0.5857    0.1267    0.4300
   -1.1660   -0.6587    0.1409
   -0.9136    0.3272   -0.9996
    1.7685   -1.2093   -0.4222
   -1.6806   -0.7340   -0.4888
   -1.3283   -0.5874   -1.3496
    1.8003    0.5433   -1.5398
   -0.2331    0.2376    0.1287
   -1.3272   -2.0019    0.2008
    1.8400   -3.1029   -0.1882
    1.5173   -0.7865    0.6142
    0.9131    1.3069   -0.7712
    1.5743    0.1627    0.7459
   -0.0759    0.4347   -0.9591
    1.0073   -1.2698   -0.4593
   -0.6868    1.4805   -0.1613
   -1.5396   -0.2498   -0.9375
   -1.1031   -0.1738   -0.3530
    1.8671   -0.1754    0.6982
   -0.7572    0.5835    0.4497
   -0.3315   -0.0496   -0.5737
   -2.2360   -0.5615    0.4107
   -1.6151    0.2595   -2.2678
    2.3088    0.3147   -1.1265
    0.3138    0.6491   -0.7656
   -1.3997   -1.3119   -1.3407
    0.8812   -0.8128   -0.6655
    1.0796    1.1391    0.0835
    0.9663   -0.1907    0.4696
    0.6965    0.8083   -0.1489
    0.8484   -0.1002    0.4997
    0.9754    0.1560    0.7625
   -0.4978   -0.2168   -0.0102
   -0.1982    1.0119    0.5288
   -0.0557    1.3978    0.5254
    0.4417   -1.9326    3.2743
   -0.2745   -0.0608    0.5840
   -0.0498    0.5738    0.2763
   -2.1495   -0.2701   -1.6425
   -1.4638   -0.7978   -0.5316
    2.6268    1.2639   -1.1484
   -0.6899    0.1948   -1.3448
   -0.4260   -0.2223    0.1948
   -1.0416    0.5865    0.5388
    0.3218   -1.1593   -0.6314
   -0.4805    0.2692    0.7214
   -0.4774    0.3489    0.6749
   -0.4421    1.1000    0.5005
    0.0301    0.0961    0.2408
   -0.0092   -1.1639    0.3093
   -1.3547   -0.5729    0.5499
   -1.7853   -0.4677   -0.1142
   -0.3206    1.1981    0.1325
   -0.5529    0.5019    0.0608
   -0.7733    0.3989   -2.5683
   -0.3255   -0.5722    0.2537
   -0.3004    0.9437    0.2642
    0.0618    0.6375   -0.4515
    0.4166    2.0212    0.4993
    0.2372    0.0577   -1.2406
    0.8119   -0.0340   -0.7843
   -0.6182   -0.1829   -1.2456
    1.0717    0.1834   -1.6324
   -0.4297   -1.2831   -0.5515
    2.0048   -2.2734   -0.3710
   -1.0559    0.4681   -1.2945
    0.2288    0.9579   -0.1518
   -1.3769   -0.5625   -1.0871
    0.5361   -0.6199   -1.7536
    1.0107    1.2887   -0.2096
   -0.4037   -2.8273    0.2954
   -0.3233    0.1789   -1.1918
    0.3207    1.0306    0.2381
    0.3594    0.6861   -0.1844
    0.8475    0.8077   -0.2181
   -1.8447   -0.0096   -1.5961
   -2.3240   -0.8034   -0.0647
    1.2131   -1.5688    1.5967
   -0.0890   -0.9574    1.2165
   -1.1597   -0.1051   -1.9752
    1.8893    0.1490   -0.1240
    0.1710    0.0764   -1.0698
   -0.2373   -0.8762    0.2732
    1.4070   -0.1193   -0.3516
   -0.2176   -0.1321    2.6671
    0.9587    1.5268    0.0889
   -1.4726   -0.9461    0.4013
   -0.1004   -0.5438   -0.1421
   -0.1861    1.0041    1.6348
   -0.1703    1.6538   -0.0889
   -1.4478   -0.3311   -0.9084
   -1.4739   -0.0304   -0.4248
   -0.6510   -0.3287   -0.9501
    0.2203    0.6960   -0.7017
    0.3196    1.4079    0.3138
   -0.5518    1.1273    0.0439
    2.4179    0.7849   -2.5322
   -0.5374   -0.6416    0.3195
   -0.4440    1.3644   -0.2731
   -0.2415    1.1256   -0.4150
    0.8288   -0.1512    0.6483
    0.6121   -2.3502   -0.6233
   -0.6402    0.9371    0.3207
    0.2928    0.5039   -0.4896
    0.1139    0.0963   -0.3807
   -2.1084   -0.8407   -1.0504
   -1.3979   -0.9008    0.3766
   -1.3177   -0.9573    1.5842
   -0.7059   -0.5047    0.9865
    0.3862   -0.4460   -1.0971
   -2.0292   -1.1889    0.2713
   -1.0578    0.6846   -1.0518
    2.1503   -0.8567    0.1271
   -1.4159   -0.6487    0.7748
    1.4764    0.7679   -0.4872
   -0.4635    0.5280    0.0187
   -1.6789   -0.8867    0.4692
    0.1216    2.4412    0.8050
   -1.7672   -0.6151    0.0809
   -1.0381    1.3858    0.8712
    0.9761   -1.0398    2.0375
    0.5111   -1.8368   -0.5527
    0.0228    0.7288   -0.0096
    0.6705   -0.4236   -0.5150
   -1.1195    1.3553   -0.3823
    1.1401   -1.0143   -0.2357
    3.0791    0.2037   -1.2440
   -1.1107   -0.4153    0.1882
   -0.9620   -0.0501    1.0444
    0.5129    1.0274    0.0127
    1.4601   -0.7205   -0.0127
   -0.4323    0.4411    0.3369
    0.2063   -0.5226    0.8855
    0.9544   -0.6229   -0.2801
   -0.5892    0.9913   -1.3510
    1.7839   -0.9580   -1.5395
    0.9075   -0.3153    0.1762
    0.2108    0.0873    1.2920
   -0.4829    0.8636   -1.6998
   -1.1802    0.6788   -2.0421
   -0.1637    0.2432   -1.1001
