    1.2698   -0.7431   -0.3160
   -1.0410   -0.6769    0.2308
   -0.8861   -0.9700    1.7819
   -0.0314    0.1123   -0.0680
    1.6333   -0.6215   -1.4076
    0.2994    1.0950   -0.1297
    0.5468    1.3180    0.2200
   -2.3202    0.2885   -0.3637
   -0.6834   -0.9826   -0.6094
    0.3075   -0.3412   -0.8727
   -1.2625   -1.1538    1.2709
   -1.4120    1.9877    0.2928
    1.5594    1.4949   -0.5084
    1.2292    1.1266    0.1527
   -1.3227   -2.0744   -0.2858
    0.0244   -0.8504   -1.3070
   -1.1510   -0.5004    0.0536
    1.5464   -0.1675   -0.0284
    0.2048   -0.2517    1.1855
   -0.1983    0.7014   -0.4373
    0.6934   -0.8562    1.1079
   -2.3162    1.4388    0.1431
    1.7227   -0.5054   -0.5779
    0.7029    0.2767    1.2319
   -1.1787   -0.8701    0.9732
    0.7888   -0.6207    0.0666
    0.1369   -0.8697   -0.3420
    1.0361    2.2816    1.0204
    0.4545    0.7678   -0.1377
    0.6681   -0.3458    1.0112
   -0.6489   -0.1609   -1.7577
    0.6295    1.3969    0.5078
    0.5433   -0.5302   -0.6391
    0.3158   -0.2032    0.7612
   -1.0648    1.6029   -1.1639
   -0.0149   -0.7314   -1.7141
   -0.1929    0.2935    0.3479
   -0.4184    0.6044    0.0246
    0.8488    0.7396    0.4788
    1.0431    1.8091   -0.1588
    0.1988   -0.4311    0.8968
   -0.7426    0.1621   -0.0392
   -0.8469   -1.0137   -0.4900
   -1.7080   -0.9749    0.7605
    1.0292   -1.0915    1.6420
   -0.9669   -0.8432   -1.0975
   -0.1246    1.0320   -0.7870
   -1.2706    0.2815    1.0113
    0.9154    0.2305    0.8377
    0.4760    0.8934   -1.8073
   -1.7009    1.0814    0.3436
   -0.8316   -2.3003    1.6238
    1.3167    0.8065    1.7389
    0.5699   -0.5148   -1.7382
   -1.1371   -1.5169   -0.2294
   -0.4227   -1.3327   -0.3960
    0.2007   -1.1695    0.6319
    1.2842   -0.0589   -1.2859
    0.2501    1.4821    1.5592
    1.3330   -0.4913   -1.1677
   -1.3976    2.0482    0.2782
   -0.2933    1.2818   -0.7276
   -0.6504   -1.5111    1.6211
    0.7733   -0.7084    1.3313
    1.3926    0.3101    0.6013
    0.8120    0.5303   -0.5638
    0.9972    0.4113    0.5332
    0.5515   -0.3683   -0.1543
   -0.3859   -0.7085    0.4858
    1.0348   -0.4057   -0.7775
   -0.2136   -1.3621    0.9591
   -0.1040   -0.2226    0.2334
    1.5094    1.0806    0.7422
    0.1390   -0.7294    0.6377
    1.8244    0.7719    2.4663
    0.4177   -0.8325   -0.1875
   -0.1759   -2.8483   -0.5591
   -0.5109   -0.7615    0.7478
   -0.3813   -0.8591   -1.1416
    2.0767    0.6036    0.2871
    0.5541   -0.2476    1.7854
    0.4014    1.6474    0.3370
   -0.3794    0.4703    1.8681
   -0.1536    0.4546   -1.0760
    1.3061    0.1611   -1.3096
    0.8834   -0.7029   -0.2821
    0.8826   -0.1493    0.8009
    0.8869   -0.3407   -0.1988
    0.3916   -0.6317    0.1368
    1.1487    0.1715    0.6636
    1.1382   -0.0230   -0.5011
   -3.0156    1.5685   -1.4133
    0.8078   -0.1247   -1.0317
    0.5601   -0.2959    0.9124
    0.7280    0.8577    0.6596
   -1.4790   -1.5994    0.2924
    0.7114   -1.1728   -0.4695
    0.0238    2.4293   -1.4784
   -0.9677    1.2208    1.0607
    0.7720   -0.0398   -1.1537
    0.3894   -0.1259   -0.0158
   -0.3815   -1.9407    0.5441
   -0.4280    0.9152    0.8211
    1.1007    0.6979    2.8088
   -1.4180   -1.1435   -0.6178
    1.4733    0.0900   -2.0222
   -0.1286    0.6296   -0.2765
   -1.9242    1.7506    0.4767
    0.2206   -0.0331    0.3919
   -0.5749    0.0950    0.1216
   -0.4854   -1.7632    0.5496
   -0.1519   -0.2840   -0.1141
   -0.0326   -0.2124   -0.3681
    1.5109   -0.3930   -0.8977
    0.6861    0.0955    1.1846
    1.3585    0.1002    0.8610
    0.5774   -0.6375    0.4204
   -1.5282    0.6972    1.2896
   -0.8172   -0.3973   -0.4042
    0.9726   -0.7222    0.2324
    1.2520    0.8628    0.7828
   -0.4476    1.8025   -0.4008
   -1.3915   -0.7064   -0.6190
    1.4862   -0.2708    0.8886
    0.0139    0.3849   -0.6843
    0.5345    0.1826   -0.7598
    0.3981   -0.5669    0.8384
   -1.0531   -0.2176   -0.1718
   -1.2581   -0.6147    1.3082
   -1.7578   -0.2728    1.5805
   -0.6434    0.2239   -1.5746
    0.0026   -0.6918   -0.2812
    0.4053   -0.3518    0.8872
   -0.0528   -0.7597    0.1725
   -0.2557    0.2291    0.1284
   -0.5526   -0.2580   -0.0511
    1.1158    0.8449    0.4138
    0.2046   -0.5368    0.3028
    0.2730   -0.3650   -1.8358
    1.2464   -0.2524    0.2331
    0.3641   -1.0979    0.7129
   -1.0159    0.5301   -0.8668
    1.0645   -1.4110    1.0188
   -1.3916    0.4652    1.8513
   -0.8504   -0.5908    0.7970
   -0.1065   -0.9736   -1.1621
    0.5195   -1.4738   -0.0205
   -0.4112   -1.5523    0.2165
   -0.2066    0.0330   -0.1974
    0.8156   -0.2204    0.4709
    1.2595    0.3080   -0.2048
    0.3311   -0.9816    0.4924
   -0.5809   -0.7710   -0.4624
   -0.4678   -0.6383   -0.4878
    0.6111    0.2012   -0.9208
   -2.8173    1.5654    0.0204
    1.4904    1.2212    0.3928
    0.9295    0.1040   -0.6114
    1.0154    1.2447    0.6699
    0.3037    0.8249   -0.0611
    0.6319    0.8219   -0.0828
   -1.2384    2.6448   -0.5106
   -1.0156    0.1836    0.9685
   -1.9435    0.9513    0.3789
    0.5615    0.2925    1.1565
   -0.5103    0.7853    0.6057
    0.6741    0.1402   -1.1049
   -1.2487   -1.7077   -0.7206
    1.3249    0.3226   -2.2872
   -1.0513   -0.3964    0.5761
    1.0196    0.6425    0.8910
    0.3978    0.6166   -0.8678
    0.2687   -0.6301   -1.2960
   -1.2184    2.1605   -0.6921
    1.2669    0.5516    1.2384
   -0.5887   -1.7793   -0.9518
    0.5691   -1.1758   -1.1174
    0.3963   -0.5698    0.5999
    0.3007   -0.6810   -0.5176
    0.5069   -1.5085    0.5877
    0.2399   -1.9874   -0.1318
    0.5816   -0.8991   -1.3375
   -0.0680    2.1196   -1.6894
   -0.3660   -1.4008    1.6158
    0.7459    0.7971    0.5289
    0.3731    0.5032   -1.2693
   -1.3480    1.1865    1.7874
    1.5725    1.1091   -0.4311
   -1.1066    1.5523   -1.3074
   -2.1543    0.9991    0.4955
   -0.1348    0.5398   -0.1779
    0.1095   -0.6718    0.3736
    0.0463   -0.4589    1.4587
   -1.2502    0.0779   -1.4495
    0.5936    0.5099    0.0294
   -1.0577    0.9504   -0.9518
    0.5573    0.0878   -1.5853
    0.2392    1.0627   -1.0047
    0.5379   -0.3705   -1.1012
   -2.1333    1.6641   -0.0043
    0.8039   -0.3749    0.6340
   -0.0418   -0.2508   -1.3719
   -0.4616   -0.7698   -0.8402
   -0.3645    0.3710   -0.0051
   -0.2363    1.6014    0.1170
   -2.3193    0.9638   -1.0749
    1.4847    1.1898    0.4556
    0.4934   -0.1392    0.6595
   -0.1214   -1.3179   -1.3840
   -0.1598   -0.4069    0.2697
   -0.6776   -1.0506   -0.6141
    0.7257   -0.9855   -1.0059
   -0.0552    1.0477   -0.2337
   -0.1515   -1.4576    0.5252
   -2.8316    1.5722    0.1644
    0.0411   -1.7750    1.3236
   -0.1896    0.5279   -0.8775
   -0.5047    1.7781   -2.2584
    1.1824    0.5383    0.0642
    1.2059    1.3600    1.4759
    0.9618    0.7202   -2.0180
    1.4616    0.1715    1.9201
    1.4832    0.6955   -0.0208
   -0.0647    1.9425   -0.0499
    0.7861    0.6731    1.1267
    0.3569    0.6806    0.5452
    1.1548   -0.3533   -1.5063
    0.2207   -0.7549   -2.7612
   -0.2576    0.6255    0.0837
    0.4769    0.2024   -1.6833
    0.0085   -1.2927    1.6453
   -1.3134   -0.8273    1.0467
    1.2864    1.6407    0.8279
    1.6507   -0.0584   -1.2825
   -1.3553    0.3269    1.5664
   -0.2163    0.6530    0.0202
   -1.9111    0.7775    0.7523
    0.2541   -0.6740   -1.4193
   -0.2919    0.9684    0.7756
    1.2513   -0.6059    0.9517
    1.2981    0.3029   -0.4713
    0.9755   -1.0108   -1.1693
    1.9494    0.6512    0.9985
    1.0741   -0.5564    0.6479
    0.3598   -1.6416    0.7821
    0.5427   -2.0325   -0.3812
    1.4926   -0.7051    1.2124
    0.2947   -1.2315   -0.4634
   -0.1400    1.9920   -0.6641
   -0.5358   -0.6204    1.3975
   -0.4429   -0.4465    0.7978
    1.2524    0.6560    0.1237
   -0.9113   -0.5291   -1.1016
   -0.0317   -0.2019    0.1992
    0.6336    2.7655    1.0426
   -1.9545    1.4340    1.1138
    0.5817    0.7140    1.1936
    0.5662   -1.2662   -0.3393
    0.2862    2.3722    0.1860
   -0.5010   -0.3061    0.4852
    0.7467   -0.7113   -0.2128
    1.3105   -0.5468   -0.7206
   -1.6479   -0.0404   -0.0844
   -0.7522   -0.7264    0.3990
   -0.5644   -1.7261    0.0702
    0.6428   -0.4178    1.5653
    1.2841    1.3145    1.4984
   -1.2762   -0.8646   -1.3570
   -1.4538    1.9079    0.1604
   -0.0797   -1.0420   -0.2650
   -0.2830    1.2579   -0.2591
   -1.2765    0.7533    1.0735
    0.0986    0.0297    1.0055
    0.7973   -0.1533   -1.1248
    0.0819    1.1167    0.4327
   -0.4074   -1.3545    1.0514
   -0.8573   -0.1687   -0.4130
   -1.4263   -1.0916    1.0977
   -0.7353    1.0532    0.9005
    1.1229    0.0401   -0.9634
    0.5149    1.0933    0.5976
   -0.6187   -2.4628    0.6303
    0.3708   -0.3671    0.0690
   -0.1823    1.9547   -0.3309
    0.0467   -1.7706   -0.6133
   -0.5568   -0.2224    0.6282
    0.5049    0.6056   -2.0774
    0.3953    2.1940   -1.4493
    1.2739   -0.2218    0.5330
    0.9764    0.2051    0.8013
    1.0542    0.9850    1.3985
    0.3704    2.3059   -1.0043
   -0.8004   -1.9865   -1.2475
   -0.3101   -0.0469    0.5234
    0.1874   -0.2985   -1.9133
    1.4406   -0.3952   -1.1387
   -0.1026    1.0062   -0.7577
   -1.7657   -2.2329   -1.9328
    0.6262    1.1081    0.9243
   -0.5926    0.8527   -0.0846
   -0.4873    0.4997   -0.2165
   -0.0075    0.3645    0.0550
   -0.9250    1.2311   -0.8567
    1.6214   -0.0476    0.9421
    0.8593    0.4419    1.9214
   -1.5198   -0.0435    0.9416
   -0.2703   -1.1037   -0.3860
    0.5408   -0.3123    0.6963
   -0.8179    0.6801    0.0260
    1.1427    0.3575    0.7121
    0.9725   -0.0271   -1.7109
   -0.4678    1.9904   -0.1972
   -1.4743    0.4903   -0.5077
    0.5649   -0.8487    0.3740
    0.5680   -0.3320   -0.3475
    0.2902   -0.9905   -1.4766
   -0.4956   -0.6540   -2.2708
    1.7911    0.1107    1.9259
   -1.4513   -1.1433    1.0229
    0.8098    0.5862   -0.6055
   -2.6883    0.9311   -0.9457
    0.2395    0.1511    0.8909
    1.4045    0.7987   -0.9144
    1.5122    2.2723   -0.0393
    1.5292   -0.9474    1.4160
    0.9133   -0.3090   -0.0900
    0.0150    1.1784    1.1228
    1.2963    1.0565   -0.4417
    0.7369    1.0444    2.0041
    0.6421   -0.4749   -1.1237
    0.6241   -0.1151    0.6086
    0.5638    1.0597   -0.1520
   -1.7729    0.7646   -0.3209
    0.0407   -0.5069    2.1847
   -1.1293    2.0236   -0.8730
   -0.0779    0.6765   -1.0833
   -1.2746    0.9592    1.5997
   -1.0213   -1.8543    0.9117
    0.6562    0.5428    1.8494
   -0.2646    0.5473   -0.1483
    0.9850    0.5466    0.5258
    1.1942    0.3537   -0.5296
   -0.0846   -0.5798    1.1317
   -0.2154    1.4109   -1.7114
   -0.6454   -2.0208   -0.2835
   -1.6098   -0.1567    1.2356
   -1.5989   -1.5466   -0.6140
    1.5451   -0.3551    0.0290
   -0.2850   -1.0654   -0.0610
   -0.5146   -0.2521   -0.6378
    0.0506   -0.0827   -0.0244
   -2.1496    0.7130   -0.8487
   -0.8397   -1.3260   -1.4658
    0.2075    2.6107   -0.5614
   -0.1593    0.2381    0.4144
   -0.6883    0.2761    0.8711
   -0.4768    0.1709   -0.6163
   -1.1860    0.5881    0.7914
   -0.8165    0.7701   -0.2021
   -0.5156   -0.4169    1.1979
    0.7133   -0.5942   -0.0856
   -1.1915   -0.6648   -0.4830
    0.3813    2.0518   -1.2644
   -2.2196    0.6182   -0.7327
    0.7334   -0.1606   -0.3841
   -0.7144   -1.7839    0.9888
    1.6350    0.5314   -0.8186
   -2.5799    1.4127    0.9477
    0.6070    0.0676    0.5379
    0.9097    0.9910    1.5134
   -2.3488    1.7722    0.7178
   -0.4497    1.1285   -0.2102
    1.0080    0.0509    0.3045
   -2.5544    1.3331   -0.9461
    0.7522   -0.5864   -2.2855
    1.3485   -0.3839    1.3891
   -0.9241   -2.8254    0.2760
    0.3321    1.1739   -2.1356
   -1.5598    1.7952    0.7764
    0.9152   -0.4154    1.1846
    0.3675   -0.1257    0.4824
   -0.4100    0.5460    0.6753
   -0.5390   -0.7637    0.2842
    0.1610   -0.5108   -0.8357
    1.4518    0.6167    1.3150
   -0.0953    0.9982   -0.1363
   -1.0586    0.6440   -0.1260
    0.0949    0.5709   -0.3389
    1.0198   -0.4912   -1.2569
    0.9920   -0.2840   -0.5527
   -1.2800   -0.6028   -1.4482
    0.1850    0.6309   -1.7132
    0.4393    0.1058   -2.4092
    0.3580    0.1574   -1.2002
    0.8902   -0.3783   -0.1938
    0.0684   -0.7605   -0.2413
    0.8920   -0.7502   -2.2601
    2.1971    0.5514    0.6074
   -0.3201   -1.2554    0.0101
    0.4278   -0.9499    0.6030
   -2.7348    1.5725   -0.0289
    1.3736   -0.0861    0.1675
    1.4930    0.5486    0.2482
    1.0316    1.0536    0.3534
    0.0820    0.1463   -1.0420
    1.6414    0.9196    2.1587
    1.1468   -0.1879   -1.8371
    0.8822    1.1662   -0.7340
    1.1699    0.1448    0.3744
    0.3030   -0.8118    0.6484
    1.4665   -0.0613    1.2688
   -0.5691   -1.8262    0.1587
    1.2115   -0.0310    1.0794
    1.7359    0.9098   -0.5735
   -0.1147   -2.0130    0.7179
   -1.4788   -1.1868    0.8182
    0.2439    0.1756    0.7632
   -0.6870   -0.1875   -0.3081
    0.8884    0.2176   -0.2006
   -0.4132    0.5485   -1.5832
    1.2384    0.7255    1.1230
   -0.6123    0.8167   -2.5592
   -0.6045   -0.4564   -2.2435
    0.6550    0.8033    0.3924
   -0.0892    3.1563   -0.1543
    0.9048   -0.0198   -0.7853
    1.4465    0.1637    0.3293
   -1.4300   -1.3879    0.2316
   -1.9251    1.4169    1.4910
   -0.1911   -1.4734   -0.3639
    1.0451    0.6231    1.8515
    0.8055    0.3882    1.1663
   -0.7679   -0.6469    2.4920
    0.2193    0.2194    1.7748
    0.6347   -0.4686   -0.2796
    1.3112   -1.0570   -0.8018
   -1.9617   -0.1994    0.7456
   -1.1846   -0.3602    0.0419
   -2.0542   -0.0280    0.7965
   -0.1798   -2.1428    1.0928
   -0.0497   -0.2145    0.9277
    0.6181   -1.0334    0.8482
    1.4238    0.7628    1.4772
   -1.9858    1.9616    2.1589
    0.2199    0.0669   -0.0440
    1.7351    0.1831   -1.7497
    0.5129   -1.1883   -1.0939
   -0.6857   -0.3224   -0.0935
    0.1831    0.9759   -1.8016
    0.0948   -0.4563    1.4215
   -0.5893   -0.0650   -1.8747
   -0.4634    0.9366   -0.0170
    1.0460    0.7852    0.6972
    0.5960   -1.4473    0.4662
   -0.0052   -0.0998    0.3485
   -2.1851    0.1456   -1.1170
   -0.1053    0.5681   -0.7777
   -0.1183   -0.1000   -0.4558
   -0.3165   -0.2460    2.1602
    1.0391    0.0849    1.0678
    0.1830    0.4057    0.4221
   -0.5615   -0.1120    1.8863
    0.3661   -0.0306   -0.1324
    0.3819   -1.5642    1.0926
    0.8530    0.6929    0.0390
   -0.6736   -1.1166   -1.1492
   -0.5179   -0.0651    1.2769
   -0.0900    2.1294    1.1667
    0.4840   -0.3426    0.5668
    0.1188    0.5739    1.5954
   -0.1130   -0.0378   -0.7050
    1.2849   -0.0893   -0.1303
   -2.2956    0.3896   -1.0123
    0.1698    1.0651   -1.5941
    0.1926   -2.2173   -0.5518
   -1.3664    0.8851    0.9775
    0.2393   -0.6597   -0.7472
   -0.7687    2.0405   -1.6375
   -0.2155    1.1471    1.0549
    0.4067   -0.9734    0.2268
   -1.7327    1.6314    0.1185
    1.1346    0.1885    0.4962
   -0.7208    0.8693    0.6823
   -0.8693    0.5219    0.3547
    0.5340   -0.0536   -0.3236
   -0.9277   -0.5575   -0.5671
   -0.6090    1.9493    0.5006
    1.1131   -0.0579    0.2261
   -0.4332   -0.4122    0.3964
    0.6539    0.3992    0.2000
   -0.4578   -1.2892   -0.0864
   -0.2420    2.0081   -1.2943
    0.4296    0.0694    0.9283
    0.6062    1.6541    0.7968
   -1.4648    1.9591   -0.0788
    0.1784    0.2382   -0.2900
   -0.5145    0.6561   -1.1757
    0.4664   -0.8778    1.6109
    1.3623    0.1398   -0.4073
   -0.6611   -0.4732    0.7885
   -0.3878   -0.6765   -0.0252
   -0.2212   -1.8818   -0.8356
    0.6338   -0.3335   -0.5994
   -1.3943    1.6530    1.2192
    0.3432   -0.4927   -1.1837
    0.4619   -0.2990    0.6775
    0.1917   -0.9219   -0.0287
   -0.3032   -1.1658   -0.9808
    0.2888   -0.3513    0.7255
   -0.2314   -0.7527    0.9516
   -1.5333    0.7561   -1.2155
   -0.1426    0.1769   -0.6840
    1.1780    0.1221    0.1175
    0.7135   -0.0141    0.6095
   -0.3647   -1.5560   -1.4767
    0.1673   -0.0438   -0.6320
    0.5413    0.9460   -0.1846
    0.1045   -1.1450    0.7430
   -1.2655    0.6350    0.3466
    0.3115   -1.0969   -0.3573
   -1.1240   -0.7294    1.7901
    0.3704   -0.7706    0.0405
   -1.9312   -0.2685    1.0049
   -0.7917    0.4250    1.2716
    1.0722    0.6027   -0.7840
    0.5326   -0.3779   -0.2963
   -1.6298    0.8310   -1.2847
    1.0255    0.4978   -2.6205
    0.2200   -0.3536   -0.4226
   -2.0568   -0.0222    0.6507
   -2.3715    1.2712    0.7127
    2.1309    0.0697   -0.1668
    0.0963    0.5518    0.0641
    0.5685   -0.0104    0.5308
   -1.0209    0.7315   -0.1562
   -0.0555   -0.5960   -0.8655
   -0.0181    0.0147   -0.6683
   -0.3615    0.7095    0.2839
    1.7916    2.1550    1.3440
    0.0636   -2.0571   -1.6222
    0.1665    0.3749   -1.6951
    0.4452   -0.0027    0.5229
   -0.0147   -0.2790    0.9511
    0.8478    0.5997   -0.8707
   -1.3760   -0.7419   -0.7801
    0.4139   -0.9091    0.1611
    1.2883   -0.3316   -1.1842
   -1.3729   -1.2597    1.2528
   -2.3999    1.1767   -1.5790
    0.7466   -1.6282    0.0371
    0.5650   -1.0402    1.1619
   -1.4761    0.9964   -0.4284
    0.3387   -0.5950   -0.4964
   -2.4046    0.6824    0.3066
    1.6010    0.5194   -0.8614
    1.3259    0.9343    0.1471
   -1.2008   -1.7997    0.4853
    1.1422   -0.8539   -1.5145
   -0.0259   -0.6141    0.1878
    0.5872   -1.2168   -0.8879
    0.3025   -1.6104    0.5030
    0.6115   -1.7183   -1.8828
   -1.0887    0.0327   -1.8925
   -0.1805    0.9403   -0.3547
    0.1724   -1.4951    1.8485
    0.4697   -0.2392   -0.9339
    0.6573   -0.0412   -0.3233
    1.4712    1.8716    1.3108
    0.7556    0.3824    1.2000
    1.2744   -0.0858   -0.8241
   -0.2488    0.3781    1.6884
    0.5985   -0.1171   -1.7006
    0.8253   -0.9568    0.5255
    0.9858   -0.3537   -1.8782
    0.0904   -1.0555   -0.4396
   -2.0927    0.6477   -0.3235
   -0.3249    0.3787   -0.2260
   -0.3286    0.6307    0.9472
   -1.2064   -0.6192   -0.2574
   -0.4368   -1.1223   -1.0387
    0.7520    0.1132   -0.0564
    0.8543    0.1543   -0.2351
   -0.7149    0.5164   -0.2862
   -0.0241   -0.2975    1.5899
    0.9373   -0.9969    0.2823
    1.1725   -0.2644   -0.3027
   -0.2226   -0.6374    0.3902
    0.7484   -0.9384   -0.0777
    1.3843   -0.2611    2.3261
   -0.2364   -1.9181   -0.0341
   -0.7591    1.0834   -0.7288
    1.1620   -0.9181    0.2582
    0.0841    0.7369    0.4760
    0.9765    0.5168   -1.5941
    0.4828    1.6147    1.3847
    0.4760    1.5541    0.8674
   -0.5166    0.2853   -0.9366
    0.1486   -0.4608    0.2898
   -0.4122    0.1337    0.3098
    0.9030    0.4769    0.2779
    0.7945   -0.4416    0.9393
    0.2517    1.5050   -1.0549
    1.4342    0.2047    1.8136
   -0.7908   -2.1392    0.9378
    0.5457   -0.8204    0.5424
   -1.1147   -1.0055   -0.3164
    0.7050    1.3187   -1.9458
    0.6097   -0.1896    0.2803
    0.7525    0.7069    1.4598
    0.7326    1.2378    1.1122
    1.1139   -0.0394    0.8406
    0.7969    2.5032   -1.4042
   -0.9607    0.6708   -1.1861
    0.6497   -1.0662   -0.7131
   -1.8788   -0.8344   -0.6815
   -0.5881    0.0848   -1.1992
   -1.2411   -1.1094    1.0513
    0.1940   -0.5793    0.8188
   -0.3309   -1.2387    0.4414
    1.9624    0.4080   -0.7550
   -0.1512   -0.5446   -0.2541
   -0.0920   -1.5270   -1.1213
    1.1880    1.2359    0.0424
    0.2776   -0.5369    0.7891
    1.9673    1.2008   -0.6797
   -1.0706   -1.0261   -1.1843
    0.1304   -0.3013    0.2799
   -1.6440    0.1921    1.0439
   -0.0113    1.3305   -0.7727
   -0.1320    1.0022   -0.7122
    0.6563   -0.9150   -0.7727
   -0.9176    0.7067   -0.7628
   -0.8120   -0.1589    0.1354
   -0.1661    0.7054    0.1707
   -0.0727   -0.4725   -0.3782
   -0.7658    0.9439    0.2369
   -0.8717    0.2715    0.6064
   -1.8430   -0.0659   -1.8778
   -0.8282   -0.3514    0.2648
    0.9186   -0.6105   -0.3359
    0.8895    1.4764   -0.2693
   -0.9667    0.2977    1.0734
   -0.6573   -1.5082   -0.2416
    1.7652   -0.0679   -2.2169
   -0.9502    0.1733   -2.3384
    0.0112   -1.8863   -2.2505
    0.1221   -0.5061    1.1916
    0.6702   -0.7366   -1.1135
    0.7987   -0.6221   -2.2131
   -0.1199   -0.4980    0.5054
   -0.6600    1.4938   -0.5827
   -0.6082   -1.0986    0.1294
    1.7259   -0.0013    1.5761
   -0.4289    0.6013    1.4442
   -0.7552   -0.8830    1.7229
   -0.5597   -0.6584   -1.0383
    0.3952    1.2084    1.1006
    0.6241   -0.4950   -1.6645
   -1.8034   -1.1657   -0.8940
   -1.3735   -0.9833   -0.3066
    0.5882    0.3914    1.0939
   -2.1626    1.4282    1.2753
    0.0283   -2.2002   -0.2414
    0.1843   -0.3481   -1.1161
   -0.5019   -0.3878   -1.7434
    0.3329    0.0553   -1.6327
   -0.8559    2.5494   -0.4974
    0.4258    0.9297   -0.8851
    1.2042   -0.2644    0.7667
   -0.5033   -0.2620   -0.1955
    0.7301    0.0218    0.5888
   -1.5246   -0.2684    1.5633
   -0.7282    0.2134   -1.5935
   -0.6198   -1.0673    0.1037
    0.0600    0.2922    0.0063
   -0.1333    0.4607    1.8154
    0.2462    1.1062   -0.7766
   -1.1031   -0.0891   -0.1097
   -0.3310    0.0468    0.9113
    0.0604    0.4542    0.7829
    0.7362    1.4914   -1.5192
   -0.6264    0.0009   -0.3271
   -1.5032   -1.4908   -2.0958
    1.4661    1.0535    1.1194
   -2.1112    1.4383    0.4152
   -0.4454   -0.9939   -0.0692
   -0.0401   -0.9959   -0.3138
   -2.3448    1.5827    1.0102
    0.4202   -0.9635    0.1232
    0.1732   -0.0420   -0.5500
    0.0735   -0.4423    0.4027
   -0.4259   -0.1337   -1.4624
   -0.5719    1.1963   -0.3144
   -0.1797   -0.6805   -1.0068
   -0.5745   -0.8110    0.8016
    0.6721   -0.4444   -1.0338
   -1.8807   -0.2884    0.4035
   -1.9717   -0.1755    0.8422
    0.7951    1.0714    0.4370
    0.7341   -0.9033   -0.8746
    1.5989   -0.1474   -0.6779
    1.5503   -0.8722    1.7151
    1.3973   -0.0670    0.2670
   -0.0602   -1.0112   -0.1945
   -0.0985    1.0052   -2.0581
    0.3064   -1.7956    0.3410
   -0.2776    2.4988   -1.2401
    0.3647   -0.2182    0.6291
   -0.7470    0.5359    0.6324
    0.3241    2.5688   -0.9890
   -0.7004   -1.3244   -1.8352
    0.0445    1.7948   -1.0809
    1.3984   -0.1978    1.3453
   -1.9283   -0.0583    1.3714
    0.1648   -1.0233    0.2760
   -0.0314    2.2299    0.6748
   -0.7655   -1.3757    0.3910
   -0.4951   -0.7854    0.0473
    0.3118   -1.1850    1.2886
    1.0946   -0.6258   -2.2122
    0.0722   -1.8608   -1.4804
    0.3533   -1.0670   -0.9061
    1.0934    0.9005   -0.3190
   -0.5273   -0.4854   -0.6724
   -0.7253   -0.9015    0.3945
    1.9047   -0.1876    0.6478
   -0.6511    1.2485   -0.0774
    0.5936    0.5516   -0.5498
    0.2046   -0.1181   -1.9724
    0.2532   -1.1478   -2.5675
   -1.6106    0.1107    0.8653
    1.2452    0.3405   -0.1969
    1.0651    0.4375   -0.9403
    1.7408    0.1182    0.1746
   -0.7329   -0.0073    1.6580
    1.0280    0.0182   -0.0976
   -0.2883   -0.8248   -0.4381
   -0.3901    0.3492    1.2282
    0.8166    0.0455    0.3709
    0.7494    2.8635    0.9479
   -0.6189    2.1765   -0.8072
    1.0100    0.8999    0.9050
   -0.1350    0.8252   -0.6495
    0.3000    1.2913    1.1653
    0.0669    2.0871   -0.9843
   -0.3148   -1.8165   -0.6958
   -0.3324    0.6068   -0.8880
    0.1377   -0.5554    1.2125
    1.7069    0.2108   -0.5470
    0.9777   -0.0696   -0.2596
    0.3367    0.1212   -0.4779
    0.1228   -0.5123   -0.5577
   -0.3337   -0.1659   -0.0479
    0.8855   -0.9149   -1.8250
   -2.3855    0.5674   -1.0814
   -0.7870    0.1698   -1.5302
   -1.2973    0.3348   -2.0629
   -0.0144    0.1571    0.6339
    1.0056    0.7324    1.4861
   -2.0072    0.2144    1.0082
   -0.4227   -2.3105    1.7063
   -0.1056    0.8116    0.8469
   -2.8154    1.4940   -1.2239
    0.0142   -2.0914    0.4252
   -1.5040   -0.6446    0.7828
    0.4417   -1.2475    1.5526
   -0.9517   -0.1221   -0.6090
   -0.3452   -0.5685   -0.7611
    0.5391   -0.6883    0.6904
   -0.3898   -0.9093    0.8436
   -0.9789    0.2721   -0.3994
    1.1896    0.1996    1.6745
    1.8949   -0.2771    0.0232
    1.4772   -0.0146   -0.1041
    0.2740   -0.6116   -0.8135
   -1.5004   -0.1459    1.1162
    1.3108    0.4435    0.5808
   -1.5180   -1.0519   -0.3315
   -2.0497    0.1258    0.9448
    0.1766   -0.0641    0.2521
   -0.2320   -1.7195   -1.0698
   -1.1955    0.4667    1.1620
   -0.1068   -0.6110   -1.3784
   -0.0695    0.3105    0.1908
    0.7505    1.3387   -0.1582
   -1.6516   -0.7924    0.9414
   -0.8055   -1.5607   -0.0012
   -0.1637    0.9741    1.1365
    0.8078   -0.0420   -0.1820
    0.9259   -0.6576   -0.1722
    0.6051    0.3357    0.7047
    1.2200    0.6721    0.2702
   -0.8241   -0.2658   -0.3007
   -0.3809   -0.4921    0.7532
    1.2339    0.1771    0.8352
   -0.4660   -1.7185    0.3643
   -1.6469   -0.7073   -0.2234
    1.7643    0.0915    0.6067
   -2.0798    0.2136   -1.2779
   -1.0739   -1.9346   -0.3084
    0.8266    1.4026   -0.8120
    0.6223    0.6031    0.8689
    0.2180    0.2883    0.7302
   -2.0092   -0.2074    1.2826
   -1.7240    0.4384    0.8402
    0.7707   -0.3221    2.0510
    0.4835    0.1107   -0.2550
    0.1140   -0.4857    1.2885
    0.1329    0.2745   -1.7189
    1.5768    0.8203    1.0989
    0.4561    1.4272   -1.9247
    0.9484    0.2024   -0.3897
   -0.9271    0.9464    0.5992
   -0.1653   -0.5320    1.3650
    0.5203    0.7865   -0.2603
    0.2323    0.6177   -1.2686
   -0.5714   -1.1322    0.6209
    0.3771    0.3671   -0.2408
   -0.0691   -1.2741    0.8605
   -1.0117   -0.4456   -0.3887
    0.5109   -0.9221   -0.2802
   -0.9913    0.1516    0.6466
    1.2994    0.8605    1.0802
    0.2539    0.0608    0.6046
   -1.0435   -0.8538   -1.2039
    0.6729    0.5798    1.1736
   -0.3438   -0.2414   -0.4338
   -1.0990   -2.1449    0.3323
    1.1763   -0.6444   -0.3251
    0.1010   -0.2430   -0.1212
   -0.5030   -0.8531    0.5390
    0.9756    0.8303   -1.5702
   -0.5412   -1.7346   -0.2315
    1.5821   -0.7065    0.9686
   -1.1828   -1.8295    1.3717
    1.1371   -0.5308    0.4188
    1.4419   -0.4030   -0.1157
   -0.0325    2.1710   -1.3357
    1.1801    0.4804    0.7215
    0.8904   -0.0409    2.0343
   -0.1278   -2.0890    0.6665
   -0.2622    0.0137    0.9565
   -2.4685    1.3714   -0.5833
    0.2994    0.5964    0.5238
    0.4310    0.2913   -0.2181
    1.2127   -0.2668   -2.6221
   -2.2148    1.1796   -0.1019
    0.9132   -0.4307   -0.6855
   -2.5358    0.5557    0.4357
   -1.0238   -1.4439   -0.2559
    0.2897    0.5535    0.9700
    0.6418    0.6588   -0.3857
   -0.0509   -1.2652   -1.2370
   -0.4827    0.5346   -0.4414
    0.3639   -0.3441   -0.9167
    0.9715    0.2017    0.2489
   -0.0550   -0.0838    0.0463
    0.6360   -0.8534    1.0769
   -1.7729   -0.1222    0.9448
   -0.3560    1.6920    0.5540
   -0.6451    0.0014    0.0185
   -0.2078    0.9685    0.8585
   -0.3753    0.6645   -1.2987
   -1.2989   -0.1822    1.0658
   -0.6283   -0.0824   -0.8024
    0.3901   -1.0585   -0.7699
   -0.7308   -0.5003    1.0785
    0.5202   -1.0336    1.3924
    1.9653   -0.4284   -1.6906
    1.4006    0.9838    1.1678
   -0.0189    0.5671    0.1114
   -0.4834    0.7391   -2.1388
   -2.7870    1.4105   -0.5305
   -0.2507   -0.0325   -0.0539
    0.7432    0.3421    1.2951
    0.3049    2.6083   -0.7697
   -0.8142    0.5518    1.8476
   -0.3605    0.2688   -0.5776
    0.5803    1.0405   -1.0752
    0.2392   -0.3016   -0.6760
   -0.3200   -1.1749   -1.8883
    1.0392    1.0285    1.3763
    0.6987   -1.0386    1.3292
   -1.1775   -0.6910    0.9256
    0.0961   -1.1461   -0.4790
    0.1031    0.2761   -0.2367
    1.1148   -1.1873    1.2229
    0.0024   -1.0688   -1.1578
    1.4211    0.5264   -0.7509
    0.6597    0.5667    0.5185
   -0.0098   -2.0513    0.8678
   -0.9721    0.1704   -0.9847
   -2.4323    1.3273   -0.5326
    1.0793    0.4473    0.5969
    1.3093   -1.0067   -1.3976
    0.9758    2.0158    0.0584
    0.2242   -1.0135   -1.1831
   -0.0757   -0.4249    0.3217
    0.9262   -0.6098   -1.7432
    0.0906   -1.2693    0.7754
   -0.8578    1.4518    1.8627
   -0.0713    0.1855    0.7836
    1.3972    1.6913   -0.0938
   -2.0205    0.7467    0.2348
    1.3002   -0.5770    0.3887
   -0.1389    0.4044   -0.9967
    0.0466    0.6706   -0.6861
    0.5530    0.1935   -0.3250
    1.1708   -0.2657   -0.4394
    0.8841    0.0686    0.1018
    1.1816   -0.0030   -0.0831
    0.3453   -0.6403    0.1644
   -0.0578    0.2869   -0.1181
   -0.3560   -0.9221    0.4418
    0.4947   -1.1470    0.6704
   -0.6746   -0.1673    1.2384
   -1.7187   -1.0222    1.1219
   -1.8421    0.1877    0.0960
    0.1914    1.3368   -1.3248
    0.5843    0.6713   -1.5787
   -1.2749   -1.6281   -0.2559
    0.0929    0.0709    0.4532
    1.0959   -0.3933    1.7533
   -1.5009   -0.0634   -0.1506
    0.4010   -0.0937   -0.9733
   -0.1315    0.4083   -1.4972
    0.7210    1.3687   -1.9437
    1.1389   -0.3025   -0.1023
   -0.1719   -1.3136   -0.1567
   -1.3015   -2.4551   -1.2231
   -0.2241    0.8888    1.0954
   -1.2923    1.1081    1.1822
   -0.1980   -1.1262    0.7238
    0.2185   -0.5142   -0.6015
    1.8070    1.8048    0.6465
   -1.6877    0.9855    1.0631
    0.1236   -0.8084   -0.2760
    1.1297   -0.3571    1.1162
    0.1344   -0.2215   -1.4245
   -0.0772   -0.2101   -1.9248
   -1.9687    0.9554    0.3958
    0.7113    0.2548    0.2553
    0.2520    0.1161    1.1453
   -1.1041   -0.4824    0.7212
    0.5448   -0.4965   -0.6337
   -1.1467   -1.4658    1.0939
   -0.4277   -0.3482   -1.0856
   -1.6791    0.1555   -0.1114
    0.1627   -0.0211    1.2769
    0.6921   -1.0287    1.2035
   -0.6401   -0.3494    0.4747
   -0.8026   -1.7651   -0.2071
    1.0839    1.4523   -0.1679
   -1.2562    0.7800   -0.2582
   -1.1912   -2.8143   -0.5537
   -0.2091   -0.6878    0.8941
   -0.2328   -1.1725   -0.4990
    1.2126   -0.8176   -0.3469
    1.2541   -0.5230   -1.8597
    0.4573    2.8628   -0.3445
    0.9914   -0.4890    1.4607
    0.1091   -1.3452    0.7839
   -0.2278   -0.0895    0.7251
   -0.8135    0.9469    1.7383
   -0.4323   -0.5416   -0.2477
   -1.0834   -2.1342   -0.4208
   -0.1469   -0.5020    0.9438
    0.4909   -0.0513   -0.2446
    1.3247   -0.3295   -1.9112
   -0.8683   -0.2997   -0.0761
    0.5731   -1.2852   -0.8934
   -0.5448   -1.2826    0.6920
   -0.2681   -1.6395   -0.2133
    1.6705    1.6415   -1.3298
   -1.1709   -1.6112    0.8262
    0.1418    0.9140    1.4647
    0.2940   -0.1207    1.2644
   -0.8028   -0.3041    1.9365
   -1.3519   -0.0120   -0.6706
   -0.9947   -0.5074    0.6668
    0.1815   -0.6081   -0.5098
   -0.4360    1.1420   -0.6841
    0.3808   -0.5119   -0.5835
   -1.0262    1.2808   -0.3000
   -0.6739   -1.7370   -0.6898
   -0.3299   -0.4533   -1.7960
    1.9262    0.0969    0.4226
    0.6445   -0.5314   -0.4009
   -0.9357   -0.3952    0.1432
    0.4742   -0.9957    0.5928
    0.3503    1.0578    0.6993
   -1.6973    1.3189   -0.1700
   -1.8194    1.3238    0.1826
    0.9409   -1.2921   -0.9234
    1.3404    0.5376   -0.5271
   -2.9675    1.6647   -0.7758
    0.7907   -0.3989   -0.4534
    1.2538   -1.0947    0.5473
    0.4334    1.2728    0.0187
    1.3020    0.2781    1.2937