 -0.2105    0.1136   -0.7293
    0.7635    1.0241   -0.9377
   -0.8428   -0.2294    0.2126
   -0.3958   -1.1888   -1.3230
   -0.9272    0.5028    1.6500
    0.9687   -1.8099   -0.8096
   -0.7612   -1.1650    0.0574
   -1.3012   -0.0699   -1.4963
   -1.5836   -0.7489   -0.2649
   -0.8377   -0.6101    0.4305
    1.0839   -0.2183   -0.8791
   -0.8647    0.5807   -0.4650
    0.5379   -1.1456    0.5117
   -1.4019    1.2669    1.9466
   -0.9415    0.7186   -1.2287
   -0.8422   -0.4159   -0.8984
    0.2693    0.3562    0.1192
    1.7973    0.3573   -0.0969
    0.8731   -0.3566    0.1520
    0.4304    1.0548   -0.9682
    0.1418   -1.4255   -0.5107
   -1.4106    1.0233    0.8797
   -1.1735    0.2576   -0.7976
   -0.7667    0.0177   -1.3524
    0.6548    0.5488    0.4681
   -1.8505   -0.6996   -0.9643
   -0.3297    0.0863   -0.3579
   -1.8465    0.7831   -1.1443
   -0.3597    0.6934   -0.5676
    0.2216   -0.3474    0.9757
   -0.0663    0.7392   -0.1041
   -0.4103    0.9435    0.5888
    0.6143   -0.5799    0.2894
   -0.1692   -0.7718    0.0800
    0.5233    0.2306    0.0285
   -0.8460   -0.6689   -1.3630
    0.4065    0.2023    0.3452
    2.1891   -0.1388   -1.1404
    0.6253    0.9272   -0.0043
   -0.6346    0.8396   -0.4337
   -1.1900    0.8075   -2.0407
   -0.2849    0.1561   -0.2857
    0.4196   -1.3366   -0.5211
   -1.1857   -0.6187   -0.0928
    1.0578    0.3585   -0.7340
   -0.8437    0.0661   -0.8696
    1.3448   -0.7147   -0.4279
    1.4399   -0.2621   -0.3195
   -1.2137    0.4637   -0.6209
    1.0524   -1.4205    0.9664
   -0.5022    0.2250    0.6511
   -0.9619    0.7053   -2.9181
   -0.2813   -0.4505   -0.8177
   -0.4623   -0.5966    0.2812
   -0.0657   -0.4843   -0.5373
   -0.1270    0.1202    0.8272
   -0.9196   -0.0429    0.8804
    0.1804   -0.8102    0.2871
    0.6096   -0.5205    1.5018
   -0.8641   -0.6253   -0.0208
   -1.1960    1.0412    0.2231
   -0.7155   -0.5371    0.9996
   -1.8018    0.3376   -0.9413
    0.5287   -2.1268    0.8665
   -0.4856    0.3327   -1.7662
    1.0925   -0.2224    1.3918
   -0.3427    0.2925    0.4210
   -0.3193   -0.3111    0.7555
    0.2320   -0.2065   -0.0362
   -0.5758    0.6215    1.7012
   -0.5928   -0.4710    1.1811
   -0.4462    0.1564    0.1392
   -0.2609    1.1747    0.7442
    0.7748    0.5324    0.8141
    0.5685   -1.2380    0.4393
    2.3129   -0.1301    0.0384
    2.6185    0.9602   -0.3883
    1.7371    0.0178   -0.3242
    0.5412   -1.1701    2.7965
   -0.2834   -1.9673   -0.8389
   -0.8060   -0.6828   -0.3126
    1.1637    2.6669   -0.1531
   -0.0584   -0.1020   -0.6914
   -0.4050   -1.8860    1.2800
   -1.3305   -0.9022    0.1144
    1.4099    2.2046    0.5517
    0.5852    0.2114    2.0112
    1.0024   -0.3129    1.8612
   -1.0329    0.6254   -1.1484
    0.1650   -0.6061   -0.8668
    1.5189    0.1736   -0.7095
   -0.8409    0.6442   -0.1318
    0.4508    0.2334    0.6472
   -1.1281    1.6396    0.6644
    0.6187   -1.1712    0.0623
   -0.9438   -0.3887   -1.0752
    0.1278    1.5072   -1.7857
   -0.9461    0.9777    0.2279
    0.7478    0.1535   -0.1313
   -0.2727   -0.2296    1.8133
   -0.0543    1.7045   -1.7436
    0.3574   -0.1837    1.0768
   -1.0708    0.3054   -1.4780
   -0.4295   -0.3345    0.8587
    0.4808    0.6848    1.0920
    0.6617   -0.3783    0.2910
    0.3177    3.0322   -0.6505
    0.2420    0.4535   -0.1654
    1.5336    0.4812    0.8088
   -0.4692    0.8240   -2.4483
    1.9681   -0.8475    1.5696
    1.2157   -1.5914   -1.7456
   -0.8892   -0.3058    0.7338
    0.7076   -0.3018   -0.6417
   -0.7468   -0.0344    2.0291
   -1.3491    0.4695    1.0496
    0.3848    0.3371   -0.4642
    0.9306   -1.0582   -0.2188
    0.1482   -0.5226    0.1521
    1.4896    0.3667    0.1068
    0.6614    1.2777    0.9234
   -0.0191    0.4799    0.2655
    0.8010   -1.1969    0.2953
    2.8274    1.1554   -0.4586
   -2.0161   -0.6201    0.3638
    0.2038   -3.1377    0.2164
   -0.1078   -0.1330    1.3273
   -0.0184   -0.3988   -0.5397
    0.3879    0.9025   -1.8860
    0.5164   -1.2102   -0.3751
    0.0394   -1.6195    1.2466
    0.6341   -0.6245    0.5277
    0.4019   -0.3242    0.7951
   -0.1128    0.1313   -0.1169
    1.1313   -1.1756   -0.4834
    1.0506    0.6169    0.1811
    0.4246   -0.1418   -0.2386
    0.4072   -0.3425   -1.5058
   -0.1736    0.7130    0.4557
    2.3426    1.0831    0.6344
    0.5412    1.7255   -0.1965
   -0.8042    0.0391   -0.6541
    0.0513   -0.0225   -0.3415
   -1.1032   -0.2090    0.2593
    1.0279   -0.4277   -0.8309
   -1.0817    2.1972    0.5795
   -0.8015    0.6482   -0.4456
   -0.9803   -0.2572    0.4604
   -1.3435    0.9933   -1.2156
    1.6332    2.0774   -0.8546
    1.9900   -1.6501   -0.9710
   -0.4507    1.1106    0.6967
   -1.0380    0.0216    0.0857
    2.2482    0.6881   -1.9713
    0.6071   -1.8544    0.1596
    0.0759   -0.8338    0.8771
   -0.5633    0.1757    1.0748
   -1.6121    0.1848    0.0495
    1.0480    0.8391    0.0790
    1.2277   -1.7369    2.2436
   -1.0787    0.3187   -0.2548
    1.8773   -0.0272    0.5804
    0.0981    0.0199   -0.1508
    0.6513   -0.6920   -0.6091
    0.4683    0.0791   -1.2189
    0.0451   -0.0471   -1.4753
   -0.5731   -0.6019   -0.3896
    1.0109    0.6162    0.3956
   -0.9054    0.1666    0.7742
    1.3002   -0.0831   -0.0667
    1.6298    0.6277    0.4678
   -0.5120   -0.6157    0.5288
   -1.8385    0.1899   -0.9979
   -0.0160    0.1149    1.0872
    0.2590    1.3122   -0.1657
    0.0432   -0.3587   -0.0547
    2.2198    1.8403   -1.4890
    0.0377    1.6755    2.0564
    0.7379    0.0904   -0.3344
   -0.2357   -0.3194    1.6833
   -0.1670    0.1223    0.2912
   -0.3283    0.2585   -1.1181
   -1.7422    0.6704   -0.1087
    0.7414    2.0022   -0.1270
   -0.6492   -0.2395   -0.4996
   -1.0562    0.5828   -0.2969
   -0.6069    0.3554   -0.2777
   -1.4636   -0.1431   -0.7146
    0.0441    0.5050    0.4438
    0.3654    0.0792   -0.7711
   -1.0720   -0.0708   -0.9061
    1.0327   -1.1885    0.4999
    1.0629    0.2894   -0.3297
   -0.3029   -1.1444   -0.4927
   -1.6284    0.9169   -0.6196
    0.4183   -0.0868   -0.2299
    1.7897    1.7000   -0.5732
   -0.6559   -0.7461    2.3143
   -1.9514   -0.5719   -0.2840
    0.0142   -0.0101    0.3829
   -0.8103   -0.7055    0.0279
   -0.7608    0.0644    0.3700
   -0.2219    0.5308    1.4336
   -0.2298    1.5525   -0.3711
   -1.0362   -0.2772    0.2230
    0.4710    1.5416   -1.2053
    0.1861    0.4551   -0.1009
   -1.3251   -1.3238    0.9269
   -1.3785   -0.0080    1.1620
   -0.6560   -0.4773   -0.0083
    0.9335   -0.7050    0.9069
    2.0447    0.1638   -1.1622
   -1.0767   -0.3940   -0.0814
    0.0451   -1.6451    1.6082
   -1.9778    0.6238   -0.7890
    1.7122   -1.1274   -0.2981
    2.4981   -0.6369    0.3660
    0.5810    1.3534    1.5233
    0.0244    0.6560   -0.2958
    1.5762    0.3502    0.4257
    1.8538    0.4977   -0.3385
   -0.2080    0.6655    0.3314
    0.0563    0.4095   -0.4569
    0.3106   -0.2526   -1.8452
    0.3940   -1.4863   -0.0778
    2.1313   -0.5439   -0.2187
   -0.8065   -0.0762    1.9943
   -0.0935   -0.3640   -1.1063
   -0.9367    0.5021   -0.3216
   -1.0693   -0.6720    0.0502
   -1.1764   -0.3911   -0.2872
    2.5150    1.0435   -0.3226
    0.1295    1.7509   -0.1156
    0.1818    0.3298    0.7233
   -1.0712    0.7743   -1.0313
   -1.5829    0.5198   -0.2122
    0.6309   -0.3686   -0.6169
    0.2374   -0.9218   -0.7067
   -1.6935    0.6478    0.2369
   -0.4413    0.1455   -0.1389
    0.2997   -1.5095    0.0757
    0.0279    0.1750   -1.3805
    0.7519    0.2233   -0.9252
    1.2108   -0.6622   -0.1672
   -0.1937    0.0281   -0.0019
   -0.9009   -0.1462   -0.7806
    1.8452    1.3363    0.0301
    0.2291    3.7737   -0.1376
   -0.1544    0.3418   -0.2824
   -0.1506   -0.8427    0.1006
    1.7371    0.5581    1.3135
    0.2462    1.9349   -1.9353
    1.1349   -1.3959   -1.9215
   -1.1581   -1.1642    0.1969
    1.3438   -1.4227    0.5791
   -0.8871    0.7217    2.0172
    0.8826    0.5887   -0.6614
    0.8958    1.2999    0.3112
    1.9175    0.4648    0.1135
    0.6020    2.7741    1.5674
   -1.0997    1.1407    0.5545
    1.2008   -1.5669    1.3838
    0.0495   -0.9208   -0.9804
    1.1824    0.6009    2.7506
   -0.8776    1.6283    0.0348
    0.0769    0.4059    0.6427
    0.8293   -0.3264    0.7920
    0.7767   -0.0505   -0.4558
   -0.6717   -0.3783    2.0651
    0.0942   -0.8595   -0.4406
   -0.2095   -0.9188    3.6586
    0.7083    1.0758   -1.4637
    0.7479    0.2696    0.9854
    0.8791   -1.5907    0.7449
   -1.2713    0.9699   -2.1803
    0.1886   -0.0238    0.3581
    1.5247   -0.0078    2.2984
    0.3461    0.1592    0.3384
    0.2191   -0.8796   -0.5822
    2.3311   -0.8077   -1.5686
   -0.6107    0.6268    1.3657
   -0.6232   -0.4044   -0.4979
    2.7743    1.1432   -1.0764
    1.3257   -0.5305   -0.3868
   -1.2042    0.0188   -0.1143
   -1.0097    0.1596   -0.7240
    0.4194   -1.2929   -0.4162
   -1.3344    0.7998    1.0219
   -0.7874   -0.6871    1.1666
   -1.2156   -1.0070   -0.8775
   -0.7748   -0.0757    0.1422
   -0.2234    2.4537    0.8727
    0.8572    1.8024   -1.0140
    0.5346   -1.9329   -1.2352
   -0.1786    2.6417    1.0912
   -0.8805   -1.3857    1.6546
   -0.5575   -0.6265   -1.4368
    1.1200    0.6906   -1.8518
    0.1633    0.0505    0.5027
    1.1560    0.7875   -0.4359
    0.8249    0.6691    0.8852
    0.5713    0.3991   -0.4646
   -0.1833    0.9819    1.5303
   -0.2467   -0.3760    0.1342
   -0.4671   -0.2056   -0.0298
   -1.3415   -0.9990    0.1806
   -1.3417   -0.7148    1.0479
   -1.1147    0.0999   -1.9042
    0.3738    0.1444    1.0718
   -0.3146    1.7392   -0.2176
    1.1933    2.1119   -0.3417
    0.8868   -1.1820   -0.6490
    0.5726    0.6018    0.0576
    2.4610    1.2779    0.5421
    0.9657    0.3968    0.7280
    0.4392   -1.4933    0.8280
    0.2381    0.8219   -0.2487
    0.4553    0.9020    0.5274
    1.4259   -1.1597   -1.8187
   -0.2210    0.1481    1.7603
   -0.0358    1.3319    1.2513
   -0.5632   -0.3331    1.5956
    1.9021   -0.5526   -0.9878
   -0.2876    1.6991   -0.6605
   -0.8083    0.1313   -0.2950
    0.5858    1.4391   -0.8008
   -0.7264    0.3406   -0.5681
   -0.1479    0.1506    0.8221
   -0.2001   -1.7636   -0.6934
    1.1236    0.8324    0.3827
   -0.1604    0.1914   -2.6226
    0.2769    0.4025   -0.0356
    1.4198    1.5767   -0.9461
   -1.2551   -0.9779    1.3812
    0.1461    0.9209    1.2709
   -0.4461   -0.0534    0.2227
   -1.2880   -2.1261   -1.3333
    0.7246   -1.0276   -0.2091
    0.2463   -0.0021   -0.1533
    0.0455   -0.0281    0.1821
   -1.1820    0.2615    1.2935
    0.9087   -0.5550   -0.4669
   -0.7383    0.4912   -1.6657
    0.4731    2.4660   -1.8722
   -0.3981    0.1614   -1.2613
   -0.0190   -0.9752    0.3992
    0.5308    1.2904   -0.6640
   -2.1167    1.1213   -2.8951
   -0.2979    0.4160    0.3562
    0.1267   -1.1393    0.5091
   -1.0319    1.8715    2.5126
   -1.7543    0.9135   -1.5418
    0.9746   -0.6331    1.7781
    0.3564   -1.5775   -0.9267
    0.8991   -0.8958   -0.2725
   -0.8069    0.1618    0.6274
   -1.7612    1.0619   -0.6490
   -0.0900   -1.9443    0.9623
   -1.5264    0.5189    0.8321
    2.6061   -1.1850    0.1571
    0.9840   -0.7738   -0.6788
   -0.3889   -0.3056   -0.2030
    0.6522    0.7828   -1.2671
    0.3713   -1.2232   -1.0785
   -0.9147    0.2122   -0.0999
   -0.4009    1.4715    0.1748
   -0.3395   -0.3741   -0.8775
   -0.2735    0.9027    0.9329
    0.7236   -0.1879   -0.0600
   -0.7224    1.1474   -1.9492
   -0.4456   -0.0897   -0.6934
    0.3195    0.9360    0.7524
   -1.3735    0.9779    0.0011
    0.1775   -0.7117   -1.7474
   -0.7318   -0.9490   -0.2255
    0.3019   -0.4846    1.1300
   -1.0830    0.6343   -1.0526
    2.2888    0.4091    0.5667
    1.4065   -0.5882   -0.2184
    0.1455    1.5842   -0.0307
   -0.5077   -0.5467    0.8976
    2.7687    1.2186   -0.8339
    0.2122   -1.6372   -0.1804
    1.1558    0.5140    0.2115
    1.9227    1.2400   -1.1132
    0.3974   -0.0609   -1.3095
    0.5758    1.8817    1.4298
   -0.4186    0.9543    0.4193
   -1.1527   -0.4860   -0.4489
   -0.3530   -0.4081    0.4433
   -0.1823   -1.8027    2.6167
   -0.8289   -0.2969   -0.5190
    0.6766   -0.3169    0.1973
    2.4550    1.0701   -0.3284
   -1.0315    0.0676    0.8357
   -1.0661    0.9022    0.4325
    0.4508    1.4519   -1.8214
    0.1267   -0.1394    1.6443
    1.6387    0.6212   -1.6818
    0.0175   -1.5353    2.3148
   -0.3262   -0.8963   -0.8864
    2.0229   -0.3213   -0.5873
    1.9401   -0.3935   -0.4349
   -0.6350   -0.5968   -1.9937
    0.2459   -1.1804    1.9256
    1.1089   -0.0943    1.1414
   -0.5642    1.0349    0.6246
   -0.4182   -0.9460   -0.6951
    0.9591    0.0233    0.7663
    0.1448    0.4483   -0.5566
   -1.9799    0.2676   -2.5707
   -0.2268    0.3041   -0.3811
    0.2133    0.4560   -0.5341
   -0.4449   -0.4623    0.4299
   -0.5478    0.9709   -0.9191
    2.3391   -1.8070   -0.0976
   -0.1819   -1.1331    1.5690
   -0.9400    0.2813   -0.4870
    0.6529   -0.1324   -0.9703
   -0.0912   -0.4214   -0.8135
    0.7120    1.4739   -0.2028
    0.3462   -1.9794   -0.9065
   -1.0089    0.2018   -0.2542
    0.0973   -0.5685   -1.5802
    1.0674    0.5839    0.0457
   -1.5956    0.8228   -0.5304
   -0.5103    0.4052   -0.2416
   -0.6402    0.1089    1.2970
    0.9088   -1.3430    0.6586
   -1.1859    1.2608    1.1927
   -0.7035    0.2232   -1.1030
   -0.8021   -0.2755   -1.0863
    0.9257   -0.1627    0.4658
    0.3870   -0.0268    0.9103
   -0.8985    0.4856    0.0362
   -0.2222    0.0097    0.0343
   -0.6564   -0.5741    0.0970
   -0.2840    0.9640    1.2527
    0.4757   -1.1541    1.2793
   -1.2472    0.1103   -0.1321
   -0.4688    0.3033    0.4258
   -1.1713   -0.7254    1.4555
   -0.6572   -0.3926    0.2291
   -1.6889   -0.1076   -0.4603
    0.0184   -0.7151   -1.3577
    0.2710   -0.9205    0.3761
    0.2786   -0.0356   -1.0181
   -0.2891    1.1317    1.0073
    0.1873   -0.6139    0.4639
   -1.1126   -0.3498    0.0687
   -0.5721    1.9697    1.4704
    0.6408   -0.2391   -1.4569
   -0.2939   -0.1445   -0.6030
    0.7687   -2.4595   -0.0829
    0.8393   -0.2000    0.7676
    0.5374    0.0073    1.6712
    1.8428    0.7729    0.7139
   -0.4975    1.9873    2.3370
   -1.9697    0.2109    0.1452
   -0.4373    1.9513    1.2108
    0.3721    1.8879   -1.2828
    0.8230    0.5851   -1.3766
    0.6394    1.2514   -1.2728
    1.2384   -1.2924    1.1084
   -0.7974   -0.8406   -0.2916
   -0.9218   -0.4652   -0.2140
    0.3230   -1.3984   -0.8381
   -0.0223    0.2890   -0.0915
    0.3013    1.5963    0.6654
    0.5024    2.1172    1.2484
    1.4602   -1.9544   -0.4690
   -0.8276    0.1786   -0.6522
    0.1971   -0.5058    0.0282
   -1.3913   -0.9675    0.9252
    0.4524   -1.0074   -0.1646
   -1.0699   -0.3364   -0.5506
   -1.0310   -0.0629    0.7851
   -1.5745    0.7542   -1.1560
   -0.0104    0.0511   -1.1629
    1.3256    0.7824   -0.7867
   -0.8943    0.0143    1.0200
    2.8234    0.7618   -0.3206
   -1.9956    0.1315   -1.0179
    1.2697    1.3934    1.6151
   -0.3235    1.5373    0.8663
    0.3405   -2.2178    0.1155
   -1.5557    0.8066    1.2515
    1.1064   -1.3843   -0.7095
    1.1696   -2.1447   -1.3440
    0.2299    0.5294   -1.2978
    0.4974    0.9507    1.3867
   -0.5055   -0.7004   -1.0485
    0.2211    0.2722    0.3497
    1.1324   -1.1282   -0.1500
   -0.0362    0.2157   -0.3500
    0.2886    1.0841    1.8293
    1.6726    0.0039    0.5437
   -1.6341    0.1495   -1.1402
   -1.4634    0.6171   -0.7646
   -1.2968    0.2501    0.0869
   -1.2707    0.6183    0.7489
   -0.3838    1.7356    1.8216
    0.5535   -1.1456   -0.6829
   -2.4705    0.1230   -1.5990
   -1.2685    1.1925    0.9769
   -0.6292    0.5661    0.5324
   -1.5836   -0.3274    0.4408
   -0.9697   -0.2209    0.8654
   -0.6249    0.0819    1.3848
    0.5057    1.2088   -0.2694
   -0.8384    0.2993    1.6334
    0.3183   -1.4544   -1.7741
   -0.4613   -1.8951   -0.9609
   -0.0942   -0.4720    0.5195
    1.9896    0.5054   -1.6203
    0.6252   -1.0034    0.2726
    1.3457   -1.2016    1.8055
    0.2840    0.8445    1.8050
    0.0269   -0.9571   -0.4249
    0.3669   -0.4741    0.1940
   -0.2387    1.2479    0.5176
   -0.8384    0.3768   -1.8802
    0.7004   -2.0478   -0.1253
    0.6798    0.6860   -0.3576
   -0.9377   -1.1254    0.7180
   -1.6308    0.8812   -0.0609
    1.0133   -1.8671   -0.2179
    0.2262   -0.6305   -0.8207
    1.0720   -0.2157   -1.0528
   -0.3596    0.5564    0.0880
    0.2316   -0.8891    0.3500
   -1.2303    0.6025   -0.9218
    2.0913   -1.3086   -0.6430
    0.5813   -2.6463   -1.3973
    0.2128   -0.4446   -1.2184
    0.7651    0.0585    1.4855
    0.0071    1.0127   -0.5364
   -0.6085    2.7911    0.3481
   -0.3847    2.2471    0.3711
   -0.2622    0.8259    0.0271
   -0.8910    0.4316   -1.3317
   -0.5197   -0.2887   -0.7983
   -0.8977    0.4476    1.3096
   -0.3460   -2.0440    0.4604
   -1.3006   -1.1195    0.2655
   -1.6032   -0.5190   -0.7603
   -0.1545   -0.8588   -0.3027
   -0.7330    0.2369   -1.0484
    0.0419   -0.5489    0.1799
    0.6600   -0.3823   -1.1273
    1.1194    0.5528   -0.5269
    1.4275    0.9376   -0.6101
   -0.7546   -0.2767   -1.7185
    0.6017    1.0915    0.8909
    0.5175   -0.2303    0.7428
   -0.5462   -0.1885   -0.0340
   -0.8268    1.2476   -0.2093
   -0.7783   -0.6519    0.6044
   -0.6662    1.3144    0.3328
   -0.7122   -1.4446    1.3818
    1.2543    0.0252    0.8017
   -0.6197   -0.1483   -0.4734
   -0.1728   -0.6777   -0.1302
   -0.4476   -0.6597   -1.5858
    0.1096   -0.1365   -0.3855
    0.4820   -1.2204   -0.6905
    0.1854    0.6138    1.2182
   -0.3893   -0.4874    0.3660
   -0.2851   -1.1462   -1.8276
    0.4590    0.6793    0.0714
   -2.3716   -0.4414   -1.0257
    1.5856   -0.0598    0.4171
   -0.0857   -1.6389   -0.5093
    0.5252   -0.9672    1.4996
   -0.6559    0.3218   -1.6403
   -0.0523   -1.5737   -0.0690
   -0.5612   -0.7013   -0.0131
    0.8895    0.2509    2.3606
   -1.8111    0.1735   -0.6591
   -0.8876   -0.1266   -1.0640
   -0.6476   -0.3100   -0.3239
    0.5825   -0.6565    1.7877
   -0.5499   -0.3056   -0.8999
   -0.7628   -0.7478   -0.6944
    0.9381   -0.3473   -0.3226
    1.9987    0.4124    0.9374
    0.1113    0.9415    1.3395
    0.8798   -1.9767   -1.3806
   -0.1142    0.3649   -1.1296
   -0.5209    0.4281   -0.3774
   -0.7457   -1.4515   -0.1982
   -0.4102   -0.1460   -0.9729
   -0.2219   -0.7959    0.8956
   -1.7825    0.2109   -1.3290
    0.6815   -0.4054   -0.1132
   -1.4397   -0.3068    0.2360
    0.5463    0.8789   -0.2010
    1.0896    0.3631    1.2787
    1.0450   -0.9427    0.5420
   -0.1266   -1.5513   -1.2335
   -0.1023    0.4957    1.1505
    0.3732   -0.0392    0.2239
    0.0607    0.1193    0.5287
    0.7608    3.1045    0.0932
   -2.2700    1.1126   -1.2581
   -0.9913    0.0769   -1.2089
    0.6304   -2.0206    0.9737
   -0.3320    0.3233   -0.3469
   -0.2247   -0.8234   -0.2569
    2.6576    1.3586    0.0407
    0.8221    2.1208    0.1400
    1.5365   -0.2426   -0.9889
    2.7444    0.8804   -3.0303
    0.7949   -0.3410    1.6595
    1.5711    0.0355   -0.3688
   -0.0700   -0.4191    1.0524
    0.5673   -0.9202   -0.9443
    2.4239    1.3961   -0.4688
   -0.1588   -0.4765   -0.4692
    1.4836    0.3305   -0.1956
    0.8127   -0.1267    0.0493
    0.2362   -1.9983    1.1363
    0.6750    0.0773    0.2195
    2.2553    0.3874   -0.4865
   -0.4706   -0.8669    0.5221
   -0.5487    1.5606    0.6353
   -1.2975   -1.0787   -0.6758
    0.4351    0.7925    1.2230
    2.6989    0.7440   -0.1898
   -0.9789   -0.3057   -0.3912
   -0.8875    0.8399    0.3476
    0.4656   -0.7885    0.8894
    1.3603    0.7160    0.0573
   -0.1131   -0.3198   -0.5798
    0.1423   -0.1249   -1.4908
   -0.8829    1.2606    1.9585
    0.3317    1.2980    0.9674
    1.8917   -0.1740   -1.5797
   -0.6597   -0.4457    0.4892
   -0.4627    0.0632   -0.8929
    1.0443    0.0723    0.4443
   -1.1204   -0.5260   -0.9684
   -1.6965   -0.1033    0.1073
    1.4749    1.2277    1.3533
    0.6642   -0.7610    0.9692
    0.1379    0.6339    0.4144
    0.3778   -1.8536   -1.5759
    1.2951    1.6781    0.9108
   -1.2084   -0.2660   -0.8090
    0.8898    2.4704   -1.2253
   -0.8356   -0.2384   -1.1288
    0.1341   -0.6057    0.7509
    0.6866   -1.1650   -1.0489
   -1.3801   -0.7585   -0.7710
   -0.8193   -2.8621   -1.1342
   -0.7063   -1.1533    0.7811
   -0.6799    0.2561   -2.3138
   -0.4480   -0.0971   -0.0594
   -0.0959   -1.0613    0.3364
   -0.0049    0.9311    1.4684
   -0.9125   -0.9148   -0.3981
    0.2316   -0.0357   -1.0136
   -0.8921   -0.1984    0.1324
   -1.6102   -0.3870    0.5640
    0.4627   -0.4007    1.3399
   -0.5795   -1.1557   -0.3145
   -0.4740    0.3042   -1.0446
   -0.6789   -1.8573   -0.0250
   -0.9315   -0.2873    0.5789
   -0.8077   -0.3295    0.8633
    0.5911   -2.4506   -1.4296
    1.3972   -0.1272    0.7809
   -1.2327    1.0808   -1.3158
   -0.5030   -0.0954   -0.7109
    0.0491   -0.5695   -0.0919
    0.7119   -0.3213    0.2521
   -0.6188    0.2882   -0.9865
    1.6813   -1.7887   -1.3475
   -1.7854    0.5219   -0.8716
   -1.2531    0.0711    0.6996
    1.4141    0.0214    1.4922
   -1.1170   -0.0721    0.5632
   -0.7012    0.2341    0.6156
    1.4309    0.4548   -2.1353
   -0.6122   -1.2344    0.1968
   -0.1653   -0.0439   -1.5805
    0.0247    1.2352    0.3988
    0.6549   -0.8572    0.2974
   -0.6174   -0.7783    0.8134
    0.3962    0.3796    0.5941
    2.0587   -1.2870   -0.8229
    0.5936    0.5274    0.1551
    0.8058   -0.1247    0.6167
    0.9256    1.2671   -0.0729
    2.0247   -0.5782   -0.1381
    1.8521    0.5655   -0.4129
   -1.7174   -0.0356    0.2467
   -0.0500    1.0129   -0.3221
   -0.1024    0.0887    0.7030
    1.8304    0.5067   -0.5390
    0.3075   -0.5920    0.7159
   -0.6395    0.0031   -0.4715
    1.0179   -0.8053   -0.4094
   -0.6486   -0.6752    0.2470
    0.6204    0.0545   -1.2105
   -0.9148   -0.9665   -0.0384
    0.7171    1.4135   -1.5243
    1.2765    2.5088   -2.7391
   -0.4645    1.6228    0.0428
   -1.3797   -1.5880    0.3302
    1.1473   -0.4460    0.1691
   -2.3372   -0.4047   -0.6448
    1.4248    1.1574   -0.9349
    0.3259    0.1289    1.2324
    1.5147   -0.7681    2.5276
   -0.0321   -0.5104    1.2292
   -1.2672    0.3709    0.6177
    1.0218   -1.3245   -0.0322
   -0.7920   -1.7149   -0.6725
   -0.6384   -0.3065   -0.1030
   -0.2359   -1.0845   -0.0899
   -0.4147    1.1338    1.2190
    2.3524    0.6223   -0.5344
   -1.7847    0.2231   -0.7376
    0.0702   -1.7591   -1.6218
   -0.1343   -0.9519   -0.5897
   -0.7073    0.1396    0.2593
   -1.5756    1.9094   -0.9640
    1.2498   -0.3143   -0.6038
    0.0968    0.5355   -1.2488
   -0.4705    2.8221    2.0904
   -0.4774   -1.0681    0.3404
   -0.5378   -1.6438    0.7756
    1.0419   -0.2170   -0.6598
   -0.2453   -1.9409    3.2088
   -0.3333    0.6472    0.9944
   -1.2148   -0.6495   -0.5506
   -1.3077    0.9980   -0.1233
    0.5284   -0.1747   -0.1219
   -1.3238    1.2007   -1.0825
   -1.0230    1.9963    1.9722
    0.8245   -0.4974    1.4835
    0.8746   -0.9756   -0.4693
    0.0374   -0.9471    2.7128
   -0.9542   -1.7241    2.5518
   -0.5766   -0.1932   -0.0968
    0.4836   -0.5875    0.3961
   -0.6782    0.0923    0.7518
   -0.7839   -0.6509   -0.6754
   -1.3276    0.1504   -0.3142
    0.0411   -0.0739    1.7787
   -0.0357    0.2076    0.5980
    0.6393    1.6771    0.7358
   -0.9153    0.5520    0.3808
   -1.3079   -1.3647    0.2335
    0.8593   -1.7704   -0.3169
   -0.4835    1.2993   -0.3777
   -1.3188    0.4890    0.6231
    2.5343    0.6758   -0.4881
   -0.0779    3.1704   -0.1774
   -0.1457    1.9105    0.0441
   -0.0785    0.2773   -0.3914
   -1.0095    0.3855    0.1135
    0.7152    0.1327    1.2470
   -0.0318    0.6643   -1.6333
   -0.0255   -1.3834    0.2496
   -0.1431    0.2210   -0.0721
    0.1535    0.3556   -2.7984
   -0.2242   -0.2530   -0.1309
   -0.1239   -1.1052   -0.2750
   -1.1129   -0.0914    1.4421
    0.1923    0.0523    2.6883
   -1.4892   -0.7345   -0.3081
   -0.3902   -0.0627    0.2540
    1.3875   -0.1734    0.7561
   -0.0941   -0.6812   -1.8115
    0.3457    1.2916   -0.5636
   -1.6426    0.2461   -0.8087
   -1.2460   -0.1641    0.2711
   -0.7001    0.7131   -0.1204
    2.6155    1.3308   -2.1021
    1.7887   -1.0433    0.6292
    0.0269    0.8481    0.9455
    0.4483   -1.4598   -0.0458
   -1.7436   -0.8627    0.0920
   -0.1359    0.8776   -1.1165
   -0.7415    0.0555    0.8702
   -0.1553   -1.0396    0.4833
   -0.9495   -1.1656   -0.0958
    0.1140    0.8196    0.5996
   -0.7477   -0.8375    0.7921
   -0.8117    2.0527   -0.4718
   -0.4173    1.1565   -0.9226
   -0.3529    0.0025    0.5832
   -0.3540   -0.6481    0.1773
   -0.0566    0.1883   -0.2755
   -0.9787   -0.0884    0.9626
   -0.1199    0.1606    1.3337
    2.3007    1.3066   -0.2377
   -0.5321   -2.3926   -0.0427
    0.2955    0.6276    0.8284
    0.4904    0.0848   -1.5227
    0.4456   -1.2614    0.8533
   -0.7836    0.4478    0.8462
   -0.1500   -1.8604    0.1122
   -1.7694   -0.1148   -0.0839
    0.4069    1.6507    0.5309
    1.1004   -0.1047   -1.2338
   -0.1222    0.8217   -0.3998
   -0.7650    1.3880    0.9336
   -0.6404   -0.2821   -0.1173
   -0.7861    0.5104   -1.3895
   -1.0853    0.0363   -1.0779
    1.1468    2.1590   -0.8054
    0.7973   -0.9052   -1.1314
   -1.4871   -0.2448   -0.8595
    0.1132    0.4634   -0.2393
   -0.2435   -0.0813    1.1027
    0.3442    0.5223   -0.5012
   -0.8288   -0.1516   -0.9249
   -1.3680    0.7742    1.1153
   -1.0697    0.1655   -0.7577
   -0.0323   -1.6856   -2.3851
    0.5563   -0.9881    1.0717
    0.8507   -1.4754   -0.1510
   -1.2177    1.3380   -0.0330
    0.0052   -0.7773    0.3955
    0.2475    1.1264    1.9564
    0.3231   -0.8528    0.8607
   -0.1408   -0.3261    1.1256
    0.3288    1.2459    0.9932
    2.1309    2.0229   -0.8105
   -1.6972    1.0627   -1.8634
    0.3695   -0.3316    0.3620
    0.6732    0.1268    0.0498
    1.0611   -0.7684   -0.2056
   -0.1705   -0.6440    1.3655
    0.2004   -2.1565   -0.5622
   -1.7045    0.4637   -0.6467
   -1.4644    0.8822    0.3110
    0.0669    1.8835    0.1913
    0.3411   -3.2324    0.1634
    0.5070   -1.1778    0.4003
    1.0020   -0.0280   -1.4102
   -1.5268    0.6460   -0.6972
   -0.2528    0.3539    1.4401
    0.3004   -0.0495   -0.2336
    0.3855   -1.0174   -0.0619
   -0.8515    1.2250   -1.1698
    0.1874    1.4316   -0.5563
    2.0034    0.1544   -0.7338
    0.5089    2.4520    0.7519
    0.9682   -1.2629    0.2789
   -0.0298   -0.7842    1.3776
   -0.3747   -0.4987   -0.1054
   -0.3301   -1.0238    0.7108
    1.1168   -0.7465    0.3206
    0.3084   -0.3208   -0.6326
   -0.8436    0.1309   -0.2100
    0.7551   -2.1221   -1.2818
   -0.9016   -0.3458    0.4669
    1.1294   -1.1107   -0.6181
   -0.7355    0.7496    2.4310
   -1.5778   -0.9212    0.2463
   -1.9787    0.1447   -0.6663
    0.1294   -0.5576   -1.6799
   -0.7321   -1.6083   -1.1161
   -1.1691   -0.2652   -0.5581
    1.2695   -0.7084    0.6715
   -0.1918   -0.5440    0.0315
   -1.6439    1.0025    0.2087
   -1.0421    0.0615    0.1988
    1.3383   -0.7553   -0.4759
    0.1170   -0.6846   -0.0119
    1.4978   -0.8243    0.8201
   -0.8085   -0.8809   -0.2076
    0.3441    0.4591    1.7965
   -0.7020   -0.3561   -0.8183
   -1.4697   -0.6915   -0.0739
    0.5486    0.2961   -0.5766
   -0.8349    0.0707   -0.3597
    0.7158   -1.0742   -0.8025
   -1.1736   -0.7001   -0.2643
   -0.3591   -0.1840    0.8940
    0.7679   -0.3047   -0.6649
    0.5101   -0.6478    1.2358
    0.1918    0.3139    0.4150
    0.0110    0.7148   -1.1596
   -0.8552    1.1924   -1.3657
    0.6111    0.3734    0.7636
   -0.1570   -0.9693    1.0832
   -0.4589   -1.4762    0.3987
    0.7357   -0.9184    0.0258
    2.0644   -0.3582    0.5693
    0.9407   -0.3224    0.9115
   -1.5022   -0.0998   -1.1695
   -0.3288   -0.8147    0.2869
    0.6628    0.0957   -1.1839
   -0.7024   -1.1296   -0.1436
    0.0664   -2.0511    0.2531
    0.4838   -0.0907    0.1477
    0.4552   -1.3942    2.0489
    0.0059   -2.2711   -0.6886
   -0.1894   -1.8797    1.2646
   -0.1856   -0.1506   -0.3264
   -0.4292   -1.0264    1.2357
   -0.5898    1.8096    0.3272
    0.6005   -0.6674    0.0215
    0.1287    0.9665    0.8964
    0.5860    0.7258   -0.2288
   -0.5184    1.0380   -0.7420
    2.3768    0.8936   -1.0021
    1.4716    0.9302   -2.1224
   -0.7041   -0.9595    0.1834
    0.4062    0.5174    1.1623
   -0.5374    1.7264   -0.1426
    1.9221    1.7016   -0.8118
    0.3636   -0.5629    0.3832
   -1.6858    0.7447    0.0055
    0.0779   -0.3323   -0.5291
    0.0060    1.1908    1.3279
    1.8962    0.4349   -0.1619
    0.0428    1.0903    2.4398
    0.7249    0.6797   -2.4389
    0.0121    1.0919    1.7101
    1.3896    0.9128    1.2905
   -0.6507    0.8843    0.8852
   -0.9868   -0.1580    1.5879
    1.2813   -0.7188    0.7709
   -1.4578   -0.2055    0.7985
   -0.8216    0.1098    0.4740
   -0.6695    0.7350    0.4637
    0.1475   -1.4710   -0.5367
   -0.5935    0.4032    1.1332
    0.0059    0.2475    0.8648
   -0.8567    2.2046   -0.9917
   -1.9780   -1.5722    1.4518
   -1.4639   -0.9984   -0.7386
   -1.8748    0.5238   -1.9720
    2.3717   -0.5184   -0.1543
    0.0329   -0.1533   -0.1034
   -1.7673   -0.2689   -0.2751
   -0.8702    1.2431   -1.7166
   -0.5490    0.5131    0.3107
   -0.9198   -0.2362   -0.0325
    1.3216    1.1656   -0.1681
   -0.3674   -0.3105   -0.0912
    1.1246    1.3197    1.4952
   -0.2618    0.2201   -2.3105
    1.2794   -1.1711   -0.2520
    0.2240   -0.0748    1.1273
   -1.1629    1.8663    0.6460
   -0.8593   -0.7209   -1.4062
   -0.6271    0.2363    0.9095
   -1.8285    0.8309   -0.1893
    0.2991   -0.9735   -0.4365
    1.3231   -2.2685   -0.9276
    0.5246    0.0434    1.8906
   -0.6029   -1.3553    0.1529
   -0.5226   -0.3026    1.1722
   -0.1294   -1.4170    0.7460
    0.5027   -0.5783   -0.3642
   -1.7102    0.9156    0.0719
   -0.0490    0.0614    0.1268
   -0.2140   -1.1183   -0.7317
   -0.1381   -1.0114    1.3311
   -0.6653    2.6952    2.9532
   -1.1772    0.5994   -1.5710
   -1.1184   -0.8784    0.5794
    1.4341   -0.5427    1.3396
    0.4055   -1.3886   -0.0672
    0.7784    1.2043   -1.4389
    1.0499    0.7020    0.2613
   -0.3347    1.2462   -0.4850
    0.4224    0.2415   -0.1375
   -0.3483   -0.2172    0.8353
   -0.5872   -0.2040   -0.0757
   -0.4929   -0.8697    0.5150
    0.9429   -0.6814   -0.3558
   -0.9053   -1.3083   -1.1056
   -0.8259   -0.3874    0.3144
    0.1022    0.0382    0.7191
    0.8901    1.9095    0.8721
   -0.6779    0.8400    1.3044
   -1.3654    0.2160   -1.7342
    0.7875    0.9482    0.7622
    0.1627   -0.2134    0.2716
    2.2099    0.5573    0.9858
   -0.5240   -0.8673   -0.4500
   -1.0107   -1.0290   -0.4182
   -0.0743    0.0508   -0.5333
   -0.7823   -1.9376    0.7579
    0.1833   -0.3581    1.4417
    0.2375    0.1773   -0.3269
   -0.2095    1.0269   -0.2101
   -0.5772    0.0509   -0.2019
    0.4509    0.2688   -0.1624
   -0.9909    1.9976    2.2033
   -0.7184   -0.1754    0.6503
   -0.2500    1.3657    0.8634
