 -0.8355   -1.0132   -2.6945
   -0.5247    0.3227   -0.6600
    0.3367    0.7979   -0.3856
    0.7342   -0.6342    0.5324
    0.8999    0.1321   -0.9904
    1.4039   -0.2582   -0.4041
   -0.7280   -1.0254   -0.6577
    0.1606    1.2448   -1.3256
   -0.0149    0.0021    3.1603
    0.7209   -2.3139   -0.6342
    1.3288    1.2543    1.5365
    0.7356   -0.7115   -1.4374
    1.1240   -0.9743   -0.6869
   -0.5515   -0.6638    0.3840
    2.6810    0.4967   -0.8985
    0.8928   -2.1137    0.1307
   -0.6415   -0.0378   -0.4999
    1.7790    0.5129    0.1498
   -1.2467   -1.0229    0.1088
    0.5930   -0.8291    0.7006
   -1.5480    0.1368   -0.6355
    0.8347   -0.6619    0.5343
    0.4048   -0.7128    0.5676
    0.4927    0.1685   -0.8252
   -0.8773   -0.3811    1.0989
    0.2578   -0.8340   -1.6885
    0.7876    1.8994   -0.2638
    2.6565   -1.4218    0.0274
    1.1712    0.4723    0.8834
    0.7614   -1.4055   -0.4081
   -1.7659   -1.0405   -0.5999
   -2.1912   -1.2965   -0.5050
   -0.1037    0.6751   -0.3972
   -0.5901   -0.5980   -0.9293
    1.5704    0.5166    0.5241
   -0.8333    1.1042   -0.3113
    0.1520    0.5941    0.1993
    1.1446    0.0914    0.4614
   -0.5182    1.7106    0.1780
    0.6939   -1.0735    0.0603
    0.8409   -0.0049    2.2476
   -0.6454   -0.4368    0.0735
    2.0869   -0.6022   -0.0321
   -1.5205   -0.2015   -1.0952
    0.3972   -0.4665   -2.0376
    0.9494   -1.8569   -1.2053
   -2.0224    0.5894   -0.1804
   -0.7945   -0.6621    1.2902
   -0.5576   -0.4328   -1.1023
   -0.0654    0.0286   -0.7347
   -0.5165    0.2889   -1.3665
    1.0375   -0.1011   -0.6579
   -0.6016   -0.5219   -0.6885
   -0.7265    0.9455    0.1371
    1.5251    1.1644    0.4767
    1.1505   -0.4429    0.4565
   -0.4293   -0.4707    1.2414
    0.2630    1.2565    0.0355
    0.7260   -2.4998   -0.6847
   -0.3132    2.6649    0.0036
    0.0345    0.5063    1.4344
    0.3647   -0.7944    0.8753
   -0.4916    0.4532    0.1667
   -0.1922   -2.1187   -0.2552
   -0.7001    1.0023   -1.7205
    1.2360    0.8372    1.6223
    2.8885    0.9633   -1.0498
    1.7829   -1.5665   -0.4600
   -0.8253    0.4541   -0.7675
    0.7613   -2.8232    0.1393
    1.4814    0.5293    0.0923
    0.8523   -0.2710   -5.6113
   -0.2364   -0.7443   -0.3385
   -1.2588   -1.1455    1.5436
   -0.0689   -0.7292    2.2026
   -0.4884    1.5480   -1.6217
   -0.4169   -1.3055    0.0252
   -1.1905   -0.7515   -0.4973
   -2.9652   -1.0643   -0.8229
   -0.4540   -0.5381    0.3185
   -0.4694    2.4831   -0.9246
   -0.5382    0.4340    0.3989
   -0.9920    0.8887   -1.2897
    0.8613    0.0764    0.7353
   -0.8126    0.4734    0.1311
   -1.0738   -0.3335    1.9414
   -0.1708    0.8987    0.3153
   -1.3282   -0.1174    1.1146
   -0.1451   -1.4772   -0.6171
    0.8940    0.7461   -1.1214
    1.4960   -0.0389    1.1116
    1.0223   -0.2148    1.8430
    0.5263    0.5401    0.3808
   -1.2135    0.6834    1.5646
   -1.2072    1.1612    2.3589
    0.3932   -0.3335    0.5941
    1.3805    0.5097    0.4571
   -0.4703    0.8613    0.0690
   -0.5497    1.1006   -2.2134
   -1.4252   -1.2016   -1.7287
    0.5679   -0.0127   -0.5308
    0.9635    2.6937   -0.6665
   -0.8569   -1.1023   -0.8138
    2.2844   -1.1524   -0.3830
    1.2759   -2.3317   -1.4091
    1.0782    0.6821   -0.8460
    0.7603    0.3234   -0.9901
    0.3588   -0.6371    0.5329
    0.6854    0.8392   -1.3012
   -0.1757   -0.3692   -0.1137
    0.4821    1.9506   -1.1420
   -0.1596   -1.9532    1.5290
    0.0549   -0.1900   -0.2889
   -2.6509   -1.6570   -0.9212
    0.2361   -0.0828    4.6175
   -0.9965   -0.5487   -0.5525
    2.3914    0.5170   -0.9770
    1.5128   -1.1183   -0.2559
    1.4560    0.7841    0.9651
   -0.5053    0.6328    1.4020
    0.7002    0.1470    0.9782
   -0.6086   -0.3600    0.7444
   -0.4700    1.7461    1.8543
    1.3222   -0.6855    1.2205
    1.6222    0.2440    0.4346
   -0.5093   -1.3809   -0.9026
    2.1111    0.2616    0.8459
    0.1553   -1.1696    0.9310
    0.2742   -0.1940   -0.5110
   -0.2198    1.7674   -1.1055
   -0.8155    0.4054   -0.0056
    0.7043    0.1668    0.9304
    0.0375   -1.6946    1.0727
    1.1772    1.1200    2.8222
   -0.1068    0.3343   -0.4805
   -0.0195    0.1261    0.8621
   -0.2746   -1.1395    0.1257
    1.8286    0.3382   -0.7097
    0.5450   -0.2749   -0.4032
   -0.2333    0.4315   -0.1729
   -0.3534    1.3992    0.0435
   -1.2190   -0.2038   -0.5321
   -0.5319    1.7862   -0.5806
    1.4826    0.3653    0.5818
    0.0615   -0.5401    0.4286
    0.9074    0.1894   -0.0412
   -1.0205    0.4086    1.1173
   -0.3138   -0.6211    0.8717
    0.2605   -0.6152    1.4473
   -1.2517   -0.0964   -0.4804
    0.0197    0.0246    1.8185
   -0.5923   -0.7922    0.5505
   -1.4391    0.7390   -0.4249
   -0.9604    0.3175    0.7782
   -0.4657    0.4328   -0.5225
    1.2856    0.2160   -1.0830
    1.6210   -1.2564    0.4511
    0.5571   -0.7754    0.7428
   -1.3050   -0.8018   -1.2414
   -0.7922    0.7107    0.4474
    0.6129    0.3999    0.3611
   -0.5036    2.0103   -1.1046
    2.0009    0.2665    0.9738
    1.0440   -0.3181   -0.7832
   -1.2645    0.0501   -0.3709
    0.4430    0.3542    0.4276
   -0.3673    1.3706   -0.1280
    0.9377   -1.6747   -1.8237
    1.4246   -2.0978   -0.2114
    1.0408   -0.5488    0.2494
    1.9716    0.2505   -0.1774
    0.1018   -0.2850    0.5594
    1.2117   -1.4089   -1.3600
    1.5979    1.2883   -0.4368
   -0.7479   -0.1837    1.1382
   -0.0035    0.6797   -0.1950
   -0.6443    1.2565    0.6967
    0.0253   -0.2667    0.3143
    0.4908   -0.0327   -0.0708
    1.8999   -1.3006   -0.7581
    0.8168   -1.4407   -2.0663
   -1.3842    1.2759   -0.4941
   -0.4501    1.0754    0.9964
   -2.1310   -0.5355   -1.2008
    0.0461    0.9667   -0.4806
    1.3653    0.0618    1.2253
   -0.0068    3.1121   -1.4478
   -1.0870    0.2560    1.8873
   -0.5825   -0.2937    1.9877
    0.9090   -0.2001    0.4616
   -0.6790    0.6733   -0.3871
    0.0212   -1.7639   -0.2890
    1.4459    1.0441   -1.1898
   -0.4688    0.0887    0.5889
   -0.6155    1.4176    0.0777
   -0.6824   -0.6938   -1.1142
   -0.8118   -1.7578   -0.1441
    0.5821   -0.6717   -0.1605
   -0.4370   -1.6782   -1.5371
   -0.3162   -1.2391    0.1150
    1.0415    0.2978   -0.2621
   -0.6444   -0.4184   -0.2616
   -0.2236    0.1070   -1.3785
   -1.1071    0.9960   -0.4213
    1.5348   -1.5080    0.4759
    1.0087    0.3741   -0.2393
    0.6216   -0.7617   -1.0359
   -0.6983    0.1349    0.9224
    1.4214    1.3687   -2.1522
   -2.2202   -0.6768   -0.7770
    1.1679    1.2440    2.3195
    0.5972   -0.3492    0.4673
   -1.1222   -1.6516    0.7534
    1.4070    0.1492   -0.4023
    0.9339   -0.4460   -0.1412
   -0.8368   -0.5527   -1.1084
   -0.4066   -0.7127   -0.3607
   -0.4210    0.2070    3.9422
   -1.7326    0.5451   -0.2795
   -0.0575    1.6944   -0.6757
   -0.9507   -0.5993   -1.1868
   -0.0839    0.3131    0.1610
    1.0318   -2.1791   -0.5335
   -0.9648   -0.0870    1.9267
   -1.1691    1.0017   -0.7991
    2.0026    1.5187   -1.7303
   -0.0950   -0.1745    1.4516
   -1.4635    0.1573   -0.5943
    0.2081   -2.4564   -1.7865
    1.3528   -1.3085   -0.7931
    1.4454    2.3269   -1.1165
   -1.1965    0.4466   -0.8261
   -1.6257   -0.4245   -1.1311
    0.0766   -0.7480    0.6415
    0.2113   -0.6576    0.0328
   -0.5842   -0.1658   -0.8637
   -1.2392   -0.6703    0.6619
    0.1067    0.0637    1.6003
    0.2353    0.6707   -0.3251
    0.3129   -0.3043    0.8505
   -0.9400   -0.4739    0.6649
   -0.7430    1.1674    0.6408
   -1.2856   -0.8341   -0.4589
    1.1933    0.7971   -0.3339
    1.6991   -1.0208   -0.5249
    0.5632   -0.7032    0.4388
   -0.4754    1.8356   -0.3551
    1.0636    1.9875   -0.6863
    0.7025   -0.9610   -0.5326
    0.5517    1.0674   -0.6361
    0.8495    0.9264    0.0633
   -1.0447    1.2311   -1.2413
   -1.3674    1.8800   -0.0924
   -0.4865   -0.6329    0.4760
   -1.1425   -1.2089    1.3150
   -0.7226    1.0607   -0.2311
   -0.3763   -0.4041    2.7685
    0.6694   -0.5668   -0.6045
    0.1345    1.6656   -1.1176
   -0.8508    0.8717   -0.0639
    0.2565    0.7290    0.6066
   -0.4182   -0.0227    0.9533
    0.4191    0.5104   -0.8424
    0.7566   -0.7430   -3.2481
    0.6389    0.9127   -2.1723
   -0.6570    0.1073    0.2259
    0.0307    1.3282    1.1794
   -1.6220    1.1569    0.3117
   -0.6362   -0.8094   -0.7779
    0.1690    0.1246   -0.3103
   -0.0976    1.3903   -0.4351
    0.2759   -0.1847    0.0805
   -0.6096    0.3780    0.3248
   -0.2115    1.2360    1.5718
   -1.2859    0.2698   -0.2847
    0.2122   -1.0165    1.0155
   -0.5947    0.2250    0.1650
   -1.3014   -0.0230   -0.9856
    0.3527   -0.1106    1.8983
   -0.3006    1.8381    0.1663
   -0.7298   -0.5506   -0.5520
   -0.0031    0.2505    1.8464
    0.9607   -1.7157    0.1195
    0.9473   -0.5660   -0.7444
   -0.6583   -0.7904    0.6135
   -0.7758    0.3529   -0.3152
    0.4940   -0.7589   -1.6661
   -0.9352    1.0984    0.2817
    1.2296   -0.7043   -0.7616
   -1.2152    0.4373    0.8555
   -0.9772   -0.1380   -0.3770
    0.0155    0.0884    0.4842
    0.1013    0.4730    1.0521
   -0.2299    1.7687    0.8981
   -1.7508   -0.8481   -0.2335
   -1.1286    2.0271   -0.5865
    0.2359    0.6474    0.8138
    0.0325   -1.1805   -2.2531
   -0.6841   -1.5433   -0.8756
    0.7869    2.9368   -1.2487
   -0.1049   -0.5209   -0.2397
   -0.2691    1.0182    0.1873
    0.3868    0.0129   -0.7471
   -0.9548   -0.3129   -0.0809
    1.8325    1.4472   -1.0650
   -1.1185   -1.4174    0.7316
    1.6660    0.2380   -0.5332
   -0.4562    0.8615   -1.0360
    0.1065    0.1591    0.0508
    0.7034    0.1007    1.8775
   -2.8479   -1.6754   -0.4281
   -0.3271   -0.6056    1.3605
    0.6927    0.0742   -0.3627
   -0.9332    0.9909   -0.5211
   -0.4722   -0.1663   -0.1949
   -0.6204    0.5055    1.5600
    0.7406   -1.5046   -0.3781
    1.4587   -0.8321   -0.1144
    0.0736   -0.4248   -1.6333
    0.0746    0.6396    0.9767
   -0.1261   -0.6313    0.5305
   -0.2434    2.3891    0.3805
   -0.2927    1.1272   -1.0400
   -0.3010    0.8139   -0.9460
   -0.4147   -0.6968   -0.1279
   -1.5965    1.4812   -0.8919
   -0.3214    1.1447    0.6376
    0.2185    0.6730    0.2138
    1.0131   -2.3230   -0.0455
   -1.6495   -0.1047    0.5248
    1.1284   -1.2255    0.4465
   -2.3302   -1.0045   -1.1808
   -1.2566   -0.4153   -0.9404
   -1.5378    1.5754   -0.2449
    0.1390   -0.6735    0.3616
   -0.4106   -0.1178   -0.0641
    0.8546   -0.1901    0.6004
   -0.2230    0.1491    0.0829
    0.1899   -0.2925   -1.5325
    0.3471    1.0395    0.3606
   -1.0541    0.4079   -0.9381
    1.6578    0.6223    0.7495
   -0.0007    1.4733   -1.0888
   -1.5377   -0.8311    0.6292
    0.3894   -0.1332    0.6297
   -0.2217   -0.0287    1.1687
    0.8913   -1.4886   -1.2664
    0.3290    0.4434    0.0906
   -1.2850    0.2574   -0.8570
   -1.5180    0.7757   -0.8030
    0.8580   -0.4438   -0.6811
    0.8798   -0.1353    0.5139
    0.1278    0.6022    0.4093
    0.0214   -0.0847    0.7785
   -0.3404    0.0006    0.4791
    0.0415   -1.0602    0.3429
   -0.7797    1.3341   -0.0708
   -1.9128    0.4971   -0.1584
   -0.7723    0.2654    0.0646
   -0.9166   -0.0804    0.9215
   -1.0324   -1.5430    0.3319
   -0.7044   -0.6447   -0.0969
    0.8725    0.3595   -0.2318
   -0.2912    0.0377    0.1477
    0.4132    0.1209   -2.8871
    3.7705    1.5055   -0.8384
   -0.3425   -0.9268   -1.6623
    0.5633    2.5986    1.4100
    0.3416    1.3223   -0.1631
   -0.2456    0.1176    0.3056
    0.9283    1.1393    0.0275
   -0.6030   -1.4325   -0.9316
    0.5204    1.3797    0.0176
    0.9359   -0.2954    0.0348
    0.0962    0.6476    0.1008
   -0.7864    0.7497   -0.6491
   -0.5599   -1.0430   -0.3373
    0.2133    0.4203   -0.8087
   -0.5010    0.8409    0.2763
    0.5490    0.7068   -0.5224
    2.2837    1.4924   -0.7111
    0.0887    0.4034    1.2645
    1.1382   -0.6313   -0.3513
    0.7269    0.0475    1.7762
   -0.2046   -0.2251    1.4614
   -1.6377   -1.4979   -0.6777
   -0.4832    1.2676   -1.4324
   -1.1852    0.0126    0.5167
    0.2365   -0.5088    2.6755
   -0.6084   -0.6489   -0.7180
    1.1675    2.5272    0.5513
    0.0576   -1.2239    0.8823
    0.0334    1.2717    1.6780
   -1.7399   -1.8719   -0.2414
    1.7179   -1.3178   -0.4719
   -0.5299   -0.4107    2.5545
   -0.9086    1.3809   -0.3138
    0.2426   -0.5368    1.2801
   -0.7339    0.4319   -0.5157
   -0.0613   -0.0808    2.0323
    1.2960   -1.2569    0.2231
    1.1036   -0.8150   -0.5546
   -0.6172   -0.8382    2.1143
    0.6490    0.0940    0.5155
   -0.0234    0.4980    0.0356
    1.3236   -0.5258   -2.1275
   -1.5630   -0.5902    0.2559
   -0.6398    0.2860    2.8226
   -0.2704   -0.3771    0.1625
   -0.1519    0.7519   -0.3047
    0.3985   -0.2492    0.6539
   -0.9659    0.1444    0.6983
   -0.2365   -1.1775   -1.1806
   -1.1092    1.7134   -0.6932
   -0.7198    1.5447   -0.0142
    0.6748    0.1301   -1.3175
    2.6221    0.3320   -1.9592
   -0.6776    1.1869    0.2802
    1.0493    0.5301   -0.9954
   -0.7718    0.2302    0.8407
   -0.6434    0.1665    0.4675
    1.6409    0.6187   -0.4834
   -0.2440   -0.3908    1.9532
    0.6569   -0.9577    0.1800
    0.7740    0.7816    1.5885
    0.0645    1.4883   -0.2679
    0.4457   -1.0111    0.2797
    0.0382    2.4546    0.0544
   -0.6234    1.2956   -0.6947
    2.2424    1.4316   -1.9387
    1.0315    0.7972    0.9393
    0.0782    0.4512    3.4775
   -0.3613    0.0828    2.4949
    0.7828    1.5896   -0.8653
    0.4736    1.4855    0.5682
   -0.4444    1.1922   -0.3856
    0.9967    0.9147    0.3967
    0.9290   -0.2018    0.4986
   -1.0181    0.6979    0.8360
   -0.0026   -0.5072   -0.1873
    0.1820   -0.0505    0.9331
   -0.1857    1.0397   -1.2982
    1.5447   -0.6118    0.7540
    0.6844   -0.7110    0.4785
   -0.2507   -0.7404   -0.1187
    0.5840    2.4677    0.6219
   -0.2263    2.3544   -0.8258
    0.4930    0.3834    1.0003
    0.6769   -0.0736    0.7389
   -0.0195    1.4151   -0.6951
   -0.4771   -0.0688    2.5216
   -1.2996   -0.5940    0.2719
    0.3201   -1.1278    1.4490
    0.1537    0.6077    2.4649
   -0.8783   -0.7616   -0.9909
   -0.0338   -0.4912    0.4286
   -1.2388    0.2313   -0.1328
   -1.3501    1.3539   -0.9905
    0.7902   -1.1271    0.0281
    0.0842    0.7038   -0.5809
   -0.6546    1.1503   -0.5692
    0.5670   -0.0340   -0.6132
   -0.2456    0.6581   -0.1786
   -0.9803   -0.2620   -1.2558
   -0.1758   -0.6635    0.0803
   -0.4628    0.2071    0.4558
   -1.0982    0.9650    0.9360
   -1.2146    0.4283    0.4371
   -0.9412    1.7478   -0.8826
    0.0621   -1.3089   -2.5567
   -0.9709   -0.3582    0.2911
   -0.2664   -0.2354    0.3073
   -0.3842    0.2156    0.5312
   -1.0513   -0.1639   -1.0509
    0.2420   -0.9203   -1.0361
   -0.2914   -0.2534    0.3566
   -0.5042   -0.4304    0.5586
   -1.0264   -0.7040   -0.3436
   -0.3680    0.6721   -0.7268
    2.1384    0.7365   -0.7619
   -0.3449    1.3102   -0.3081
    0.3619   -0.0084   -0.3393
    0.7621    0.4479    1.6348
   -0.2133    0.1341    1.0654
    0.8105    0.1609    0.3750
   -0.5735    0.1739    0.6262
   -0.7827    0.6931   -0.3396
    0.0866    0.0480   -0.8772
    0.6144    0.5007    0.3692
   -1.1130    0.5810   -0.4627
    0.7708    0.3837    0.0123
    0.6777   -0.0323   -0.3117
   -0.2225   -0.8028    0.5295
    1.9264   -1.9102   -0.3291
    1.2091   -1.6930    0.6211
    0.0073    0.0422    1.1593
   -0.7376   -1.1420    2.8134
    0.9685    1.0444   -0.9884
   -0.6095   -0.5591    0.0689
    0.1701   -0.5796   -0.8177
    0.2884   -1.5188    0.1918
   -0.5695    2.0266    0.2400
   -0.8810   -0.7744   -0.2819
   -0.9781   -0.2699    0.2568
    0.1895    0.0579    0.5324
   -1.5221   -0.2732    0.0627
   -0.3347   -1.1305    0.5640
    0.4715   -0.7001    0.4164
   -0.2170   -0.4785    0.4311
   -1.4142    1.8026   -0.1855
    1.2247   -1.3261   -0.7760
    0.5170   -0.6211    1.3435
   -0.6355    0.6927   -1.6138
    1.5541   -1.5989   -0.0634
    0.7572    0.4864    1.3051
    0.0082    2.7535   -1.9233
    0.4935   -0.2239    0.2922
    2.5854    0.5679    1.6002
   -0.3468   -0.1137   -0.4242
   -0.7640   -1.2404    0.7115
   -0.3136    1.9167   -0.3913
   -0.4408    0.1300    1.6739
    0.2496   -0.2593    1.0217
   -0.2045   -0.0730   -0.1198
    0.7921   -1.5850    0.1427
   -0.4632    0.3305   -0.3983
   -1.7204   -1.1457    0.7442
   -0.2391    1.0595    0.1476
   -0.9703   -0.1601    0.4182
   -0.5689   -0.7191   -0.1634
    2.3802   -0.1377   -0.0623
   -0.4895    0.8901    2.2270
    0.3329   -0.0007   -3.2308
   -1.3719   -1.5220   -0.1995
   -0.3501    0.2930    0.0122
   -1.1466    1.9042   -0.2320
   -0.6032    0.4938   -0.4241
    0.8782   -0.2484    0.0498
    0.1382    1.4145    0.2785
   -0.9700    0.7629   -0.2587
    0.7951    0.2029    1.6139
   -0.1569    2.2080    0.1382
    0.3851    1.5032    0.4675
   -0.4002    0.0837    0.0839
   -1.1584    0.0159   -0.6906
   -0.2254    0.0645   -0.3225
    1.7888   -0.3257   -0.6687
   -1.8262   -0.5788   -0.9374
    0.1270   -0.4414    0.6498
   -0.9566   -0.2764   -1.3494
   -0.9220   -1.7895    0.4178
    0.1460   -0.9732   -0.7757
    0.2913    0.1754    1.3762
   -0.9539    0.8584   -0.4278
   -1.0174   -0.2175    0.2041
    0.4741    0.1624   -0.4054
    0.6313   -1.2997   -0.8576
    1.0482   -0.6396    0.5217
   -2.0024    1.3181   -0.9616
    1.8680   -0.0297    1.7425
   -1.8415   -0.0609   -0.5107
   -0.6410    1.4970   -0.5359
    0.7718    1.2580   -1.7136
   -1.3836   -0.1716    0.1106
   -2.2602   -0.5908   -0.5624
    0.8740    0.2827   -0.7771
   -0.2408   -0.3711    1.3292
   -0.0630    0.1838   -0.8839
    0.8725    0.3461   -0.3517
    0.9141    0.5535    0.0895
   -0.1678   -0.1211    0.1120
   -0.0366   -0.2094    0.2213
    0.7210   -0.2497    0.2067
   -0.1205    0.6347   -1.1922
   -0.5852   -0.6233    1.1991
   -0.0117    0.2355    1.0447
    1.3246   -1.8546   -0.8292
   -1.1237   -0.4114   -0.1686
   -0.4665   -1.0733    0.1777
   -0.1792    1.5971   -0.3755
   -0.2601    0.5099    0.1172
   -0.1690    0.8551    0.9872
    0.1722    0.0673    0.4751
    1.5913    0.1361   -0.5793
    0.4060    0.1996    0.8848
    1.5761    0.4729    1.5532
    0.8361   -0.9303   -0.2292
   -0.7672    0.2286   -0.7167
    1.0815   -1.6246   -1.0249
    0.0604    0.1159    0.0543
   -0.7875   -1.2408    0.1022
   -1.1474   -0.1242   -0.3394
   -1.4601    0.6364   -1.1103
    0.2746    0.3547    1.2797
   -1.9424   -1.2482   -0.3777
    1.5481   -0.0648   -1.4791
    0.1153    0.1746   -0.8795
    0.9713   -0.7030   -0.7044
   -0.6932    0.1332    0.9434
   -0.5193   -0.7062    0.1897
    0.4198    0.1306   -0.0639
    0.3821   -1.1822   -0.5493
    0.4351   -0.1874    1.4098
    0.2212   -1.0118    0.6448
   -0.9328   -0.1529    0.0231
    0.1035    1.0449   -1.2953
    2.6151   -0.6410   -1.2882
    0.1794   -0.2543   -0.1941
   -1.2710   -0.9350   -0.5925
    1.0417   -0.3835   -2.5839
    1.7182   -1.4857   -0.0678
    2.4753   -0.4565   -2.2922
    0.0700   -0.8249   -0.1083
   -0.3171   -0.0853    0.9895
   -0.1840   -0.5522   -1.7605
    0.0143    0.8730   -0.2144
    1.0541   -2.7641    0.1727
    1.1871    0.6336   -1.2008
    0.0246   -0.8479   -1.5835
   -0.6208    0.6927    0.2134
    0.9789   -0.2507    0.2425
    0.6267   -0.4354    0.3270
    0.9887   -2.3880    1.1299
    1.4590   -1.5960    1.1662
    0.9884    0.9501    1.1161
    0.4078   -0.2428    1.4525
   -0.6499   -0.4920   -0.1418
   -1.0116   -0.5216    0.1750
    0.0961   -0.1202    2.6107
   -0.6570   -0.9531   -0.3733
    0.5022   -0.1868    1.4900
   -1.0594    1.5914    1.6231
    0.2208   -0.4655   -1.1296
    0.4251    1.0158    0.0192
    1.9220    0.7324    1.5664
    0.6705   -2.1914   -0.6994
   -0.8899   -0.0598   -0.3587
   -0.2974   -0.9015    1.3150
    2.2396    0.7462   -0.3599
   -0.9773   -0.3954   -0.0577
   -0.2104    0.3435   -1.0271
   -1.5024   -0.5494   -0.7069
   -1.3995    1.4260   -1.1545
    0.0089   -0.7228   -0.3249
   -0.1073    0.3708   -0.4776
    0.3618    0.3009   -0.2627
    1.5032   -1.2990   -0.5601
   -1.3245   -0.7530    1.1169
   -0.6282    0.6928   -0.3190
   -1.4625    0.5891   -0.3256
    0.2154    0.2472    0.9868
   -1.0605    0.4682   -0.3580
    1.5061   -0.7234   -1.3985
   -1.0377   -0.7657   -0.1280
    0.7117   -0.2618   -0.6115
   -0.3980    0.7179    1.1803
    0.5900    0.2144   -2.3707
   -0.2070    2.5017   -0.8294
   -0.3235   -0.9197   -0.7466
    0.9497    0.3479   -0.6364
   -0.7782    0.0683    0.1562
   -0.2003   -1.3891   -0.0429
    0.4275   -0.8999   -0.3678
    0.2451    0.9751   -0.2312
   -0.8754   -1.5804   -0.0310
    0.2144   -0.0295   -0.4146
    1.7941   -2.2117    0.7025
    0.1900    1.8059    0.4063
    0.1975   -0.9149   -0.1969
   -0.8719   -0.5367    2.4395
   -0.2882    0.4060   -0.6993
   -1.1066    2.8606   -0.6362
   -1.3507    0.5086    0.0394
   -0.5479    0.6232    0.6396
   -1.2463   -1.2790    0.3524
    0.1058   -1.4711   -1.2007
   -1.5502   -1.0935    0.5465
   -0.8369    1.2049    0.4601
   -0.3777    1.2500    0.6661
   -0.0173    0.7860    1.3683
   -1.7595   -0.6479   -0.3141
    0.4661    1.6459    0.7401
   -0.3962    0.9824   -1.3091
   -0.5583   -1.3531   -0.6876
    1.1890   -1.6208   -1.2800
    1.1514    0.4642    0.9923
   -1.4282    0.3762    0.3022
   -0.7266   -0.1611    0.9425
   -2.2728   -1.1794   -0.0430
    1.1885    1.9945    1.5812
    1.2241    2.9690   -1.9005
   -0.4914    0.5759   -0.2881
   -1.3615   -0.4692   -0.8960
   -1.9967    0.3893   -0.5718
    2.5044    0.6841   -0.3483
   -0.6015   -0.6808   -0.5925
    0.0885    0.3428    0.0973
   -0.7870   -1.3189   -0.1893
    0.6615    0.4159    1.0852
   -0.4724    1.4348   -0.6981
    0.5023   -0.5146    0.4423
    0.4410    1.1835    0.4802
   -0.4614    2.2309    0.0822
    0.6395   -0.0382   -0.0152
    1.2607   -0.2687    0.0783
    0.4590   -1.1511    0.3892
    0.3381    0.1713    0.0817
   -0.9115   -1.9113    0.7164
   -1.3391    0.0262    0.4855
    0.4005   -0.9137   -0.2799
    0.1357    1.0062   -0.2645
    0.1526    0.0484    1.2005
    0.3031    0.4175    0.2309
    0.0701    0.4616   -0.5546
    0.9049   -2.3604    0.3283
    0.3225   -0.5350   -0.0304
   -2.9040   -2.0989   -1.0217
    0.2910    0.7591    1.8241
    1.6279   -0.2769   -1.3342
   -0.9585    3.0519   -1.5236
    1.2907   -0.9064    0.6062
   -1.0310   -0.4686    0.2329
    1.0147   -0.1135   -0.4584
   -1.5341   -0.3071    0.7378
    0.3108   -0.7172   -0.0503
    1.1471   -2.0153   -1.7473
   -1.4594   -0.7495   -1.6099
   -0.0540    0.3012    0.7130
    0.0218    0.3730   -0.1114
   -0.0173   -0.1271   -0.7076
    0.1932   -2.2015   -0.6682
   -1.1098   -1.1463   -0.9831
   -0.7253    1.4775    1.9633
    0.9654    0.6469   -1.1853
   -1.0810   -0.2792   -1.7594
   -0.7016    1.9728   -0.4615
   -1.8330   -0.4769   -0.7542
   -2.0556   -0.3446   -1.3481
   -1.2571    0.1890   -1.1936
   -0.8969   -0.5161    0.6775
   -0.9382   -0.4055   -0.1476
    0.1050    0.7010   -0.1528
   -1.0869   -0.1426   -0.5659
    0.3553    0.3486    0.5445
    0.8168   -0.1894   -0.4313
   -1.4507    0.5047   -0.3089
    0.2199   -0.4815   -0.1266
   -0.1481    0.1219   -1.0344
   -0.5531   -0.2076    1.7901
    1.1981    2.2600    1.1469
    0.9175    0.9872   -0.6644
   -0.2390    0.3959    1.5681
    0.4973    0.2664    0.0741
   -0.2070    0.3166    0.4725
    0.6390   -0.3206   -0.5010
   -0.7916   -0.1636    0.0566
    0.4649    0.3766    0.9213
    1.1329   -0.4777   -0.6931
    0.2013    0.5698   -0.8279
    0.8060   -0.4259    0.5640
   -0.2080    1.8000    0.4863
   -0.3625    0.8387    0.5364
   -0.7510   -0.4136    0.7635
   -1.2437   -0.3561    0.7582
    0.8886   -0.8206   -0.5881
    0.9332   -1.0769   -1.1895
   -1.7564    0.5832    0.0205
   -0.6927    0.5297   -1.1639
   -0.9738   -0.9010    0.5479
   -0.5406   -0.0404    0.8051
    1.4237    0.2102    1.8606
    0.1368   -0.7142    1.7703
   -0.0327   -0.1856    0.2802
    0.0747    0.3891    0.2633
   -0.1169   -0.0623    0.8293
   -0.9173   -1.0738   -0.1428
    1.2264    1.5426   -0.5740
   -0.0302    0.1049    0.0357
    0.0606    0.8331   -0.8430
   -0.3310   -0.0674   -0.8352
   -1.1137   -0.7562    0.7781
   -0.5497    1.6159   -0.2553
   -0.4901   -1.0001    0.1089
    0.7466    0.3417   -0.1521
   -0.2435   -1.2879    0.2469
   -1.5728    0.9941   -0.8943
    1.9314   -2.4695    0.1036
    0.6508    1.5846    0.1772
   -0.1581    1.3610    0.2769
    2.1573    0.7929   -0.9358
   -0.8991   -0.1934   -0.1566
   -0.4680   -0.0746   -0.8172
    0.0670    1.7177    0.0004
   -0.6967    1.4363    0.6616
   -0.4101   -0.3277    0.8846
   -0.6877    0.4104   -0.5348
    3.2007    0.6567   -1.5123
    0.4334    0.5433    0.7425
   -1.2557    0.7193   -1.0349
   -2.0253   -0.8590   -0.5589
   -1.0649    0.0013    0.4703
    1.3246   -0.0885   -0.6396
   -0.3677    0.3273   -1.1121
    0.2786    0.6784    0.6094
   -0.3963   -0.8718   -0.4688
    0.6720   -0.2422    0.7061
   -1.3925    0.2125   -0.0764
    1.1410   -1.5737   -0.1206
    1.1316   -0.2075    0.8422
    0.7350   -0.1462   -0.9443
   -1.0657   -0.3454    0.9667
   -0.6317   -1.5582    0.3819
   -1.6564   -1.0309    0.1235
    0.4238    0.5287   -0.9479
    0.3559   -0.4582   -0.7318
   -0.9632   -0.4036   -1.1307
    0.3466    1.3270   -1.0048
   -0.8206    0.1060    1.8198
   -0.2962   -0.2447    0.3865
    1.3337   -2.8555   -0.8940
   -0.7199   -0.6366    1.0584
   -0.0827   -1.4817    1.5363
    0.0025    0.2345    0.3606
    0.4309   -0.3130   -0.8571
    0.8732   -2.1828   -0.6826
   -1.3388   -0.8661   -2.1692
    0.6576    1.7647    0.2083
    1.7135    0.6363   -0.8113
    1.6615    1.0899   -0.8372
   -0.7626    0.5601    0.2229
   -0.7865   -0.5055    2.2280
   -0.0040   -0.2356   -0.1834
   -0.0890   -0.2804   -0.0516
   -0.5410    0.1371   -0.4923
   -1.1536    0.1583   -0.0485
   -0.2957    0.2270   -0.5305
   -2.9794   -0.9451   -0.7729
    0.1106   -0.6413   -0.3104
    0.5868   -0.0301   -1.0000
   -0.1799   -0.4986    1.5570
    0.8229   -0.1256   -0.7342
    0.1819   -0.8353    3.0017
    0.5422   -0.3459    0.7696
   -1.1354   -1.0587   -0.1599
    1.7840   -0.8140   -1.9596
    0.5020   -0.6783   -0.3886
    0.2024   -1.3442    0.6975
    0.4021    0.2366    1.8158
   -0.7338   -0.0893   -0.0974
   -1.4676    0.3352    0.3453
   -2.8097   -1.3282   -0.8134
    0.6858    0.2328    0.6625
    0.4267    0.7938    0.5476
   -2.7397   -1.2225   -0.4993
    0.4356    0.7627   -0.4194
   -0.1866    1.4722    0.9691
   -0.0416   -0.6612    0.2647
    1.2934   -2.3322    1.1031
   -0.2075   -0.6448   -0.7060
   -0.0539    0.0001    1.4618
   -1.4047    0.5315   -1.0571
    0.8675    0.6477    1.3602
    0.3118   -0.2849    0.6351
   -0.5425   -0.7606   -2.4179
    0.4901   -1.8650   -1.9488
    0.7852    0.1384    0.2569
    1.2161    0.7826    1.6551
   -0.4072    1.2425    1.5097
    0.7415    0.6456   -0.1189
    0.1982   -0.0498   -0.6201
   -0.6022   -0.1642    0.2025
    2.6399   -0.1632    2.0228
   -0.8700    0.0059   -0.6631
   -0.0108   -0.8544   -1.1446
   -0.3230   -1.2094   -0.1267
   -0.7909   -1.4406    0.1266
   -0.3240    0.0475    0.2797
    0.4167    1.5543    0.5359
    0.3926   -0.4094    0.1166
    0.2674   -0.5974    0.4300
   -0.7728   -0.6455    0.1649
   -1.3994    1.4448    0.2965
    0.2773   -0.3461    1.1139
   -0.1021   -0.2869   -0.4997
   -0.1815   -0.4550    0.3132
    1.6503   -1.4603    0.9303
    2.0607   -0.8601   -0.4082
    0.0156   -0.6170   -0.6415
    1.4736   -1.8185    0.4770
   -1.4316    0.8553   -0.0183
   -0.2019   -0.5831    1.1205
   -0.6819   -0.9655   -2.6953
    0.5524    0.3630   -0.1426
    0.3081    0.9087   -0.4140
    0.9541   -0.1612    0.5053
    0.7661   -0.3431   -0.8538
    0.2222    0.5432    0.3820
   -1.3980   -0.0499   -0.5696
    0.7568    0.4724    1.3310
    1.8407   -1.7219    0.4486
    0.5067   -0.8291   -0.5314
   -0.5756   -0.5678    0.0288
    0.9310    1.5786    0.7092
   -0.2174    0.7289   -0.4931
    2.2303    0.5701   -0.4927
    0.6528    1.1456   -0.8451
    0.0893    1.4926    1.4718
    2.0701   -0.4236    0.6601
   -0.1762    1.5331   -1.0061
    0.6800   -0.7933    0.0126
    0.4211    0.1088    0.4508
    0.6203    0.2386   -0.3240
    1.9152   -2.2816    0.1239
   -0.2550   -0.3310    0.9820
   -1.4021   -0.8959   -0.0059
    0.6972   -0.0188    0.4702
   -0.1779    2.5966   -0.0723
    0.7863    2.4588   -0.6366
    0.2312   -0.2477    0.6897
    1.3127    1.5461    2.2690
    0.1242    1.6261   -0.9141
    0.9105    0.6888    2.5022
   -2.0963   -0.4838   -1.1099
   -0.4536   -1.1163    1.3248
   -0.1230   -0.0098   -0.5606
    0.0404    1.2958    0.0788
   -0.6469   -0.2313    2.2483
    1.7776    1.0319   -2.2999
    1.6425   -2.4745   -0.1133
   -2.2054    0.5645   -0.3169
    0.8434    1.0477   -0.1893
   -1.6190    0.5587   -0.8601
    1.2310    0.6425    0.8761
   -0.8580   -0.4459    0.1729
    0.3579   -0.1299    2.5229
   -0.7140   -0.4818   -0.4449
    1.3570   -0.1022   -0.7775
   -0.5100    0.3858   -0.2285
    2.1137    0.3122   -0.7546
    0.4249   -0.4132    0.8155
   -1.9865   -1.5480   -0.7732
    0.1164   -1.6270   -0.6759
   -0.5726   -1.0538    0.1917
   -0.2116    0.7554   -0.7046
   -0.2794   -0.7595   -0.2778
   -0.6795   -0.1921   -0.3645
   -0.5755   -0.4510    0.9257
   -1.6405   -1.3475    0.7816
    0.7826   -0.7750   -1.0701
   -0.8208   -1.1792   -0.0082
    1.4649    0.3459   -0.1841
   -1.6445   -0.2769   -0.2338
   -0.9024    0.5270   -0.2701
    1.4068    0.5966   -0.1957
    0.6504   -0.4282   -0.5794
   -0.3339    0.2981    1.5158
   -0.3604    0.4746   -0.1433
    0.9140   -1.7698    0.4749
   -0.1652   -0.1582   -0.5873
   -0.4255    1.1094    0.5255
   -1.3586    1.6036   -0.3342
    0.1842   -0.0210   -0.9915
    1.6394    0.7451   -0.5843
    0.1631   -0.5303    0.6928
    2.1273    0.1872    0.3973
    1.1124    0.5473    0.7547
    0.2116   -1.9080    1.1059
   -0.9874    0.8447    0.0629
    0.1390   -0.5035   -0.2917
   -0.9259   -0.1353    0.3246
   -0.0476    0.0437   -0.0628
    0.2079    1.0474   -1.8484
   -0.7415    0.0763    0.8451
   -1.0269    1.1432   -0.4276
    0.4285   -0.4579   -0.3200
   -0.1446   -0.2090   -0.4357
   -3.0214   -0.9265   -0.9404
    0.2374    2.2574   -0.3693
    0.0274   -0.5860    0.0888
   -1.1405   -0.8716    1.5450
    1.1597    0.6639    0.4994
   -0.5879    0.5857    0.8866
    0.1412    0.1374    0.6292
    0.8598   -0.2348    0.5435
   -0.7576   -1.1206   -1.7315
   -1.2042   -1.4729    0.2042
    0.3763   -0.2636    1.0574
    0.3127    0.4779    0.9893
   -0.2589   -1.4336    1.0406
    0.6615    1.8471    0.4539
    0.8429    0.6392   -1.7478
    0.6478   -1.3684    0.1197
    1.7809    0.8126   -0.8041
    1.5085   -0.3260    0.1651
   -0.8633    0.5306    0.1446
    1.9696   -0.2168   -1.1819
   -0.8505    0.9359    0.0721
   -0.5427   -0.2900    0.8505
    0.3486   -2.5397    1.6409
   -0.4362    0.8105   -0.0102