-1.1384    0.2698   -0.5781
   -0.5204   -0.5762   -1.2207
    0.7102   -0.7974    0.9004
    0.2062   -0.3980    0.4816
    1.2301    0.9905   -0.6122
   -0.6903   -0.4977   -0.5409
    0.4394    1.7187    1.7273
    0.9727    1.0573    2.0446
    0.6639   -0.0663   -1.3225
    0.7761    1.2638   -3.0775
   -0.7744   -1.1399    1.3901
   -1.0363   -0.3607   -1.4206
   -0.9952    0.6968   -0.0751
    0.1636    0.6812   -0.4983
    1.8139   -0.1206    0.4346
    0.3761    0.6792    0.3333
    2.2458   -0.6542   -0.2979
    0.2833   -1.6517    1.1883
    1.3586    0.8897    0.9072
    0.1128   -0.4708   -0.1507
    1.5778   -1.5995   -0.5358
   -0.4888    1.6269   -1.5442
   -0.4466    0.9605    0.1251
    2.1715   -2.1297    0.1545
    2.2815   -1.1401   -0.3923
    1.2321    0.1103    0.6143
    0.8149    1.9662    0.7061
    1.4333    0.0277   -1.0170
   -0.4703    1.1256   -1.2110
   -0.0422    0.3450    0.1908
   -1.1082    0.0036   -0.4258
    0.4756   -0.3053    0.1900
   -0.4532   -0.6108   -0.6467
   -0.3653    1.1344    0.1688
   -0.3265   -1.1341    0.6165
    1.1334    0.1562    0.0928
    0.5982    0.0311   -1.3643
   -0.1818   -2.8691    0.0378
   -0.4630    1.1805    0.3074
   -0.4619   -0.3907   -1.1266
    0.3106   -0.3980    1.1074
   -0.1677    0.6451    0.0653
   -0.0965    0.3681   -2.0986
    0.5072    1.0152   -1.6618
    0.5787    0.2886    0.2177
   -0.1921    0.4108   -0.5799
    2.0290   -0.5484   -0.5264
    0.6029   -1.1361    1.1978
   -0.7068    0.7434    0.1515
    0.2208   -1.3048   -0.5423
   -0.1330    0.1794   -1.3160
    0.5527    1.5600    2.4458
   -0.2499   -1.1985    0.3421
   -0.8933   -0.4415    0.1478
    0.0296   -2.2652    1.0243
   -0.7859   -0.3873    0.1349
   -1.2516   -1.2841   -0.2704
    1.1442    1.0133   -0.8741
    1.2382    0.3579    0.7461
    0.7210   -0.1485   -1.6946
    0.0452   -0.0854    1.4639
   -0.3435    0.9520   -1.2861
    0.4566   -2.5569    0.3322
   -0.1845    1.3646    1.1956
   -0.0318    1.6410    1.1420
    0.2451    0.0739   -0.0785
   -0.5034    1.7332    0.2642
   -0.4981    0.2111    0.3288
    1.5337    0.3109    0.4373
    1.0517    0.7358    1.4893
   -0.0248    0.1347   -0.2372
    1.4865   -0.1079   -0.9902
   -0.2570    0.2777   -1.3377
    0.6132    0.4044    0.1601
    0.8400    1.0656   -0.6627
    0.4044   -1.0413    0.0770
   -0.7741    0.9759   -0.5748
    1.5475   -0.1808   -1.2888
   -0.1038    0.3680   -0.6501
   -1.1735   -1.3401   -0.7480
   -1.1785   -0.8127   -0.0842
   -0.4252    0.1595   -0.2256
   -0.8806    0.7955    0.5470
   -1.7244    0.9268    0.5323
   -0.1774   -1.4916   -0.2583
   -0.2434    2.2538    1.6322
   -1.0410   -1.5530    0.4629
   -0.1606   -0.9690    0.0628
    0.3581   -0.8340   -0.4831
   -0.1847   -0.4953    0.6234
   -0.3151    2.1737    0.4667
   -0.0587    1.1129    0.4780
    0.6479   -0.5009    1.0960
    1.3321   -1.5688    0.2214
    0.8272   -0.1043   -0.1825
    2.3283   -0.2416   -1.2745
   -0.8141   -0.4763    1.7297
    0.5261   -0.2181    1.0579
   -1.2431    0.7551    0.9368
    0.5430   -1.0519    0.0134
   -0.4663   -1.6776   -0.0305
    0.5123    0.1642    1.7695
    1.1743   -0.3479   -0.5528
   -0.4257   -0.7492   -0.0001
    1.5644    0.0065   -1.6174
   -1.1894   -0.0047   -0.2526
   -1.3270   -0.6466    0.2836
    1.7332    1.0616    1.6644
   -0.0135   -0.8362    0.7534
   -0.9922    0.4275    0.1530
    0.5220    0.6568    0.1532
   -0.8513    0.1854   -0.1600
    1.9348    0.4197   -0.3666
    1.0060   -2.0716    0.5067
    0.8816    0.7351    0.6523
    0.0233   -0.7386   -0.3980
    0.9632    0.2622    0.5961
    1.3915    1.1222   -0.3034
   -0.0154   -0.3741    0.7131
   -1.6517    0.0375    0.3291
   -1.1369    2.1439   -0.0903
    0.4202   -0.0573   -0.2158
   -0.0128   -0.5737   -0.5375
    0.5040    0.3826   -0.0422
   -0.2212    1.1495    0.4256
    0.8610    0.8317    0.4990
    0.3930    0.9089   -0.4539
    0.6220   -0.2411    1.4897
    1.2391    0.7631    2.4573
   -0.1318    0.2887   -1.1505
   -0.1685    0.4889    0.2503
    0.0061   -0.5763   -3.0060
    0.5374    0.5485    0.4877
   -0.4159   -0.6319   -0.5665
   -1.4100    1.3698    0.4836
   -0.8276    0.9547    1.3070
    0.1179   -0.2248   -0.0510
   -0.2652    0.9759   -1.4166
   -0.6219    0.9236   -0.0525
   -0.9876    0.1999    0.3022
   -0.1388   -0.9551    1.5116
   -1.3849    1.1130    0.7075
    0.0996   -1.4443    1.6425
   -0.6154    0.5733    0.6354
   -0.2973    2.3703    0.2384
   -1.0447   -1.8296   -0.5971
    0.4563   -0.2377   -0.0339
   -1.2228    1.3177    1.3681
   -0.2244    0.3783    0.0405
    0.5373   -0.8352    0.9640
    0.8661   -0.7612    0.0825
   -1.0041    0.8976    0.6732
   -1.7337   -0.8354    0.2240
    0.3124    1.1522    0.5238
    1.9697    0.8810    0.8981
    0.3865   -2.3073    0.2427
    0.3040    0.2235   -0.2989
    2.5279   -0.6140   -1.4074
    1.2000   -1.9023   -0.9997
    0.6477   -0.0898    1.4367
    0.4344    0.6943   -0.9507
   -0.0530    0.7577   -0.0982
    0.3504    0.4373   -0.6965
   -0.3939   -0.2018    1.0435
    0.7295   -1.5684    0.7404
    0.6349    0.2566    0.7931
    0.6935   -1.2315    0.8148
    0.1841   -1.4149    0.6809
   -1.2569    1.2087    0.7484
   -1.1137   -0.0156   -0.3038
   -0.8158   -0.1777    0.2287
   -1.4150    1.5318    0.3694
    0.8207   -0.0386    1.4484
    0.9265   -0.6539    1.4415
   -0.0959    0.1852   -1.6067
   -1.4151   -0.3778   -0.0867
   -0.3671    0.2474   -0.5523
   -0.4733   -0.2599    0.8930
    2.2120   -0.1030    0.9715
   -1.2666   -0.8149   -0.0886
   -0.0187   -0.1255    0.5802
   -2.0700   -0.0327    0.3594
   -0.2058    1.9899   -0.2505
   -2.2080   -0.6365   -0.2807
    1.6571   -1.2372   -0.1476
    0.4182   -0.5601    0.6269
   -1.2484    0.5198    0.4929
   -0.4846   -0.6337   -0.1241
   -1.4559   -1.1386   -0.4559
    0.9335    0.5086   -0.2124
    1.2596    0.8831    0.3595
    0.1296    0.6844   -1.5849
   -0.5884    1.2750   -0.1978
    0.2585    1.5565   -1.9569
    1.1544   -0.0846    0.3027
    0.3864    0.7988   -0.2755
    1.0342   -0.0464   -0.7804
   -0.7135   -0.5363   -1.5616
    0.0636   -0.9761   -0.9842
   -1.4451    0.1394    0.1481
   -0.4786   -1.1828   -0.4558
   -0.5680    1.0381    0.2907
   -0.0712    1.5817   -1.3174
   -1.2245    1.0899   -0.7349
   -0.5350   -0.2125   -0.2884
   -0.9258   -1.2480    1.0483
    0.4966   -1.3204    1.7339
    0.8372    0.0371    0.4613
   -1.4182   -1.5710    2.0342
    0.4714    0.2061    0.6965
    0.7111    0.2707    0.9044
   -0.1146    1.5953   -0.2210
   -0.1976    0.2410    1.7353
   -0.3826    0.4791    0.1608
    0.5951   -0.5737    0.6078
   -0.3583    0.2393   -1.2359
   -1.1675    0.1016    0.5934
    0.5713    0.3223   -1.7554
    0.8268    0.5154   -0.4765
   -1.1723   -0.3471   -1.3631
   -0.4705   -0.6157   -2.4314
    0.0852    0.0759    0.5518
    0.1218   -0.5639   -0.5319
   -0.2522    1.8050    1.1116
    0.5369    1.2490    1.6385
   -0.1725   -1.1294   -0.5354
   -0.2974   -0.2710    0.8731
   -0.7338    0.9823   -0.6822
    0.9442    0.9279    1.3898
    0.3838   -2.6866   -0.0657
   -0.9645   -0.0494   -1.2130
   -1.1927    0.4076   -0.7865
    0.1206    0.2991    0.8279
   -0.9815    0.5170   -1.4916
    1.5139    1.9844   -0.6210
    0.8873   -0.0293    0.5668
   -0.4509    1.3272   -0.8378
   -1.3019    0.2574   -0.3705
   -0.8048    0.5906    0.1897
    1.7661    0.8263   -1.0313
   -0.6972   -1.0015    0.2119
    2.7750   -1.4478   -1.3594
    0.9574   -0.8533    0.9152
   -1.1313    0.0564    0.2891
    0.5287   -0.2339    0.8302
   -0.0366    2.1497   -0.6266
    0.2603   -0.7263   -0.1168
   -1.3985    0.1684    1.5996
    0.5786    0.3147    0.7726
    0.5880    0.0501    0.9729
   -1.0555    0.5180    0.8418
   -0.4812    0.8532    2.6979
    0.7355   -1.7921    1.2136
   -0.0197    0.6206    0.0501
    0.1077   -0.1163   -0.3393
    1.7729    0.6868    0.1746
    0.5289    1.0059   -0.6802
    0.6105   -1.3989    0.8070
    1.6767    0.4538    0.5945
   -0.3978    0.8587   -0.1758
    0.1848    0.3735   -1.4915
    0.0292    0.9430    0.2623
    2.6040   -2.4002   -0.3490
   -0.0924   -0.8001   -0.7939
    0.3970    0.1401   -0.2770
    2.0859   -0.6117   -1.8531
    2.1124   -1.4050    0.8315
    0.3131    0.0100    0.5708
   -0.3713   -1.6693   -0.3532
   -1.2232   -0.8908   -1.0030
   -0.2671   -1.1433   -0.3882
   -0.0474    0.6046   -0.7501
    0.3172   -0.9489    0.3082
    0.4015    0.1853    1.4861
   -1.0561   -1.5879   -0.4272
    1.0389    0.7213    1.0384
   -0.3054    1.1205    1.5747
   -1.3053   -1.4974   -1.6412
    0.2268    0.8203   -0.8916
   -0.7410    1.1972    0.3992
   -0.6032   -0.6408    0.6715
   -0.0435   -1.2420    1.5536
    1.0098   -0.8487   -1.1098
    1.2859   -0.5381    1.3157
   -0.3128   -0.1860    0.7475
    1.6687    0.0519   -0.1107
   -1.9972    0.7271    0.6731
    0.6684    1.3357   -1.6854
   -0.2524    0.4674   -2.5065
    1.4219   -0.4197    1.9883
   -1.9850   -0.5336   -0.4918
    0.8932   -0.4218    1.2838
   -1.5855   -0.4920   -0.6684
   -0.1534   -0.5205    0.8149
    1.2702   -0.2040    0.7159
    0.0739    0.6030    0.7482
    2.8261    1.1494   -1.4806
   -0.5043   -0.8094    3.7867
    0.3363    0.4685    1.5997
   -0.0321   -1.1185    0.9978
    0.2166    0.4364   -1.5498
    1.3731    0.3886   -0.8586
    0.3937   -1.2584    0.7211
   -0.0420   -2.0752    0.8195
    0.8052    0.7995    1.8166
   -0.4109   -0.9374    1.7206
    1.3536   -0.2144    0.1842
    0.5229    0.1227    0.6686
   -1.5230    0.6240    1.3719
   -0.0730    0.2891   -1.5913
   -0.9633    0.0213   -0.3402
    0.3236   -0.1811   -0.3774
    1.8780   -0.1357   -1.1758
    1.0689    1.1007   -1.0549
    0.2758    0.9685   -1.4180
   -0.5174   -1.2369    0.1850
    1.3546   -0.2213    1.3992
   -0.0910   -2.0080    1.1497
   -0.5594    0.4206    0.3266
   -0.0850    0.4633    2.2444
    0.4740    1.3616    0.5626
   -1.5412   -1.1860   -0.3282
   -0.9858   -0.2393    1.3407
    2.3304    0.8087    0.0691
   -0.7444   -1.7226   -0.6156
    0.9949   -1.0081    0.4361
    0.7130   -1.5667    1.1624
    0.9552    0.8974    0.1288
   -0.5207    0.6388   -0.1210
    0.8687    0.0587   -0.8286
   -0.8050   -1.0131   -0.7951
   -0.1132    0.1912    0.1895
   -1.1998   -1.0117    0.1182
    1.5624   -1.1434   -0.4681
   -0.0654    1.2901    0.3474
    0.6353    0.5377   -0.7350
    0.8111   -1.6762    1.3755
   -0.3879   -0.1543    1.0107
   -0.6998    0.6295   -0.9355
   -0.4713    1.3512    0.8176
    0.1643    0.6528   -1.3036
    0.0019   -1.9818    0.6916
   -1.7454    0.2355   -1.0268
    1.2467    0.3285   -0.0403
   -0.5041    0.3023   -1.6716
    0.7550   -0.6252    1.1194
   -1.8443   -1.0303   -0.5563
    0.3465    0.1696    0.8396
    0.8702   -0.7446   -0.5062
   -0.9691    0.2393   -0.6383
   -0.0522    0.3390   -1.4406
   -0.4783    0.6444    0.7396
   -1.3997   -0.2910    0.0349
    0.3388    0.2215    0.0119
   -0.4801    1.3221   -1.6093
   -1.7267    0.3206    0.3296
    1.0243    0.9886   -0.7134
   -1.1493   -1.5439   -0.1334
    0.3770    1.0753    0.1703
    2.5570    1.4600   -0.2633
    0.2620    0.3318   -0.5489
   -1.0543    0.4102   -1.0822
   -0.2235   -0.6266    0.1638
    0.0746    1.2105    0.8282
    1.3708    0.2812   -0.0051
    0.0028   -0.4100    0.5506
    0.6288   -0.4174   -0.6218
   -0.9174   -1.4234   -0.0864
   -0.1109   -0.8914   -1.7131
   -1.7516   -1.0051   -0.9682
    1.5134   -0.3825    0.8541
   -0.5997    0.8603   -0.2471
    0.0314   -1.2517   -0.8368
   -1.8861   -0.5099   -0.3743
    0.7056   -0.2815    0.5547
   -1.0693   -0.6868   -0.0799
    0.1403    0.3905    0.5017
    0.7114    0.0350    0.6418
   -1.1151   -1.1280    1.3010
    0.8809   -0.3177   -0.2462
    0.5644    0.5555   -1.0691
    1.1639    0.0082    0.3926
    0.6964    0.4888   -1.4963
    0.0359    0.5897    0.6004
    0.0219   -0.1867   -0.2232
    0.1803    0.6690   -0.7995
   -0.2014    0.7736   -1.7364
   -0.1968   -0.1111   -2.4498
    1.6584    0.1837   -0.2154
    0.2139    0.2545   -0.0415
   -0.2895    0.0954    0.8042
    0.0276   -0.5026   -0.2559
   -0.4410    1.4743    1.4000
   -1.5305   -1.4902    0.9097
    1.4832    0.5514    0.6332
   -1.7054   -1.6644   -2.6256
    0.1044    0.8055    0.4657
   -0.2640   -1.3841    2.2539
    0.8590   -0.3338    0.5438
   -0.5557    0.3429   -0.5896
    0.3954    1.0439   -0.1639
    0.2064    0.7911    0.2532
    1.6968    1.0239   -0.5438
   -0.9227    0.3475    0.6613
    0.1429    0.8196   -0.7608
    1.6739   -0.3253   -0.3235
   -0.0573   -0.6603   -0.6913
   -0.7265   -0.3378    0.4782
   -0.1790   -0.4535    0.2624
    0.2786    2.4245   -0.2250
   -1.0225   -0.0981   -0.0921
    1.5723   -0.1499    0.1896
    0.5691    0.7970   -1.7101
   -1.0866   -0.4533   -1.4173
   -0.5327    1.1260   -0.4077
    2.2562    0.8632   -1.2078
    1.5722   -2.8202   -0.5405
   -1.3303   -0.9893    0.1684
   -0.9938    0.6211   -0.3027
    0.0185   -1.7665    0.7974
   -0.4694   -1.9353    0.2015
   -0.4904   -1.0783   -0.1234
   -1.3742   -1.0010   -1.0666
   -1.0094   -0.2327   -1.4379
   -2.5069    0.2066    1.0532
   -0.8908    0.7809    0.8811
   -1.1956   -1.7419   -0.2529
    0.6268   -0.1415    1.8873
    0.7214    0.3152   -1.5161
   -0.1610   -1.0230    1.8794
    0.0831   -0.5737    1.7085
    1.7125    1.7929    0.1453
   -0.0151    0.6801   -0.4254
    1.0580   -0.6992   -1.3814
   -0.9799    0.7853   -0.5010
   -0.3688   -0.1327    0.8816
   -0.6561    0.4542   -0.4048
    0.6034   -2.7495   -0.2750
   -0.7191   -0.4064    0.7743
    1.6617    1.2768   -1.8857
   -0.2072    0.7052    0.1131
    1.5927   -0.5540   -0.2680
    1.4971    1.3042   -0.2135
    0.5575   -0.8490   -0.9006
   -1.4615   -0.5680    1.3089
   -0.7524    0.3361   -0.5023
   -1.1852   -0.8791   -0.2762
   -1.0441    1.0885   -0.3505
   -0.8369    0.7520   -1.2326
    1.4375   -2.1831    0.9524
   -0.7351    0.7071    0.7009
    0.8940    1.1490    0.5031
    0.9645   -0.8048    0.5327
   -0.4569   -0.0954   -0.3752
   -0.6023    0.5039    0.3777
    0.7557   -1.7112   -0.2844
   -0.5295    1.2090   -0.5897
   -1.1401   -0.2654   -2.6834
   -0.6532    0.1960   -0.2551
    0.9468   -0.3716   -0.4323
   -0.0445   -0.7090    0.1110
    0.4215    0.2048   -0.4708
    1.6128    0.0700   -0.6476
   -0.7781   -0.8855   -1.3300
    0.1784   -0.7712   -1.2442
    1.6356   -1.3668    0.7467
   -0.2966    0.5338   -2.4487
    0.9874    0.3814    0.3954
    0.5806    1.3909    0.8842
   -1.1186    0.1475   -0.0127
    1.1276    1.3497   -0.1454
    0.8706   -0.6831   -0.3946
   -0.7849    0.3088   -0.1814
   -0.8743   -0.6441    0.8581
   -1.7595   -1.0146    0.2660
    0.2067    0.5757    0.7262
    2.3820    0.5203   -0.2510
    0.3728   -1.2134   -0.7267
    1.3735   -1.6281    0.9602
    0.5173   -1.8087    0.7496
   -0.1652   -0.8708    0.3250
    0.8241    0.2942   -1.0756
    2.0192    1.1290   -0.4855
    0.0808    0.8105    0.8016
    2.2240    0.7112   -0.6530
    0.6633    0.4174    2.0606
    0.9186    1.0880   -0.1745
   -1.5394    0.5952   -0.8413
   -0.3104    0.0925    1.4280
    0.0686   -0.7497    1.9368
   -0.8365   -1.2668    0.6328
    0.0064    0.5158    1.2099
    0.1112   -0.2431    1.1242
   -0.6436   -1.2495   -0.0053
   -0.0674    1.5581    1.3207
   -0.8181   -0.2967   -0.2468
    1.0860   -0.6627   -0.2227
   -1.0964    0.4382    0.7932
    0.0195   -0.0585    2.1097
   -0.9481    1.0012   -0.4679
   -0.1092    1.6304    0.4741
    0.1560    1.0836    0.5652
   -1.8705   -0.0962    1.3347
    1.5298    0.0231    0.3755
    0.3817   -0.9566    2.0442
    0.5847    1.0686   -1.5515
   -1.2928   -1.4209   -0.7652
   -0.1627    0.3188   -0.8050
    0.2405    0.0936   -2.1444
   -0.9993   -1.3917   -1.1294
   -0.9459    1.2438    0.8995
   -0.5306   -0.1986   -0.9186
    1.2203    0.4692   -2.0386
    1.4108   -0.1567   -0.8304
   -1.3599    1.4905   -0.1631
   -0.1119   -2.0906    1.0168
    1.0174    0.5651    2.4860
   -0.2035   -0.7264   -2.3252
    0.2580   -0.2907    0.0795
   -0.2137   -0.4705   -1.0589
   -1.5949   -0.9553   -0.4357
    0.6404   -0.4557   -0.5790
   -1.3817    0.2908    0.9509
   -1.9369   -0.2159    0.6781
   -1.3329   -0.9394   -1.3524
   -0.9745   -0.2742   -0.1435
   -1.0943    0.2061   -0.2642
   -0.9300    1.9477   -1.4254
   -0.8722   -1.3885   -0.3110
    0.4679    1.2101    0.2516
    0.5328    0.7395    0.7070
   -0.9404    0.4372    0.2022
    1.0611   -0.5711    0.4133
   -1.6862   -0.2499    1.8681
   -0.5949    2.6409    0.7895
   -1.6803   -0.4355   -0.6307
    1.8747    1.1826    0.4794
   -0.3156   -0.7289    0.3447
   -0.1065   -0.1229   -1.5096
    0.3387   -0.1361   -0.1032
    0.3866   -0.2447   -0.1251
    0.4501    0.1773   -1.4947
   -1.2744   -0.8306    1.3665
   -1.6921   -1.5883   -1.1151
   -1.9274    0.1480   -1.6790
    0.7385    1.1277   -0.3425
   -1.2722    0.6774   -0.2935
   -1.5898    1.7454    0.5901
    0.1739   -0.0645    0.5431
    0.4311   -0.7683    0.9711
    0.8174   -2.4355   -0.6207
    0.7648    0.0603    1.2725
    0.3455   -1.4373    0.0677
   -1.4209   -0.5639   -1.3817
   -0.2113   -0.2877   -1.0260
    1.6068    0.5977   -0.7799
    1.7670   -0.3628   -0.0305
   -1.4934    1.4996   -0.9522
   -0.0170    2.1985   -0.1358
    0.8413    0.5336    0.5113
    0.1850    0.6195   -1.7025
   -0.6499   -0.6683    0.1381
   -1.5228    0.0859    0.7031
   -1.0443   -0.7473    2.1486
   -2.8227   -1.1987   -0.9261
   -2.1985   -0.2275    1.0224
    1.1388    0.2492   -0.9452
   -0.6490   -0.2322    0.3201
    0.3237    0.0236    2.5031
    2.7885   -1.4440   -0.9882
    0.6712    0.5023   -1.2062
    0.1680    1.0476   -0.9632
    2.7937   -0.4425   -0.2286
    0.4669   -1.0158    1.1394
    0.1063    1.4606    2.3069
   -1.1971    1.1584    0.4912
    0.1246    0.1815    0.7911
    1.3664    1.2214   -0.1894
   -0.2586    0.7386   -0.1802
    0.0137   -1.8176   -0.0641
   -0.5027   -2.3708   -0.1511
   -0.6148    1.7103   -0.0656
   -0.3712   -0.5729    0.4131
   -1.0353   -0.6135   -0.5379
   -0.5355   -0.8847   -1.2153
   -0.5611    2.2509   -0.1525
    0.4710   -0.1687   -0.5312
   -0.5638   -0.6088    0.5171
   -1.0802    1.2091   -0.1204
   -1.3264    0.6222   -1.1272
    1.0763    0.0590   -0.3902
    1.2738   -0.5164    1.0341
   -1.4599   -1.2083   -1.6407
    0.1980    0.3814   -0.2813
    0.9798    0.7824   -2.5597
   -1.0669   -0.5359   -0.7671
   -0.4510    1.6709    0.9020
    1.9940    0.4647   -1.1500
    0.8249   -0.3571    0.0489
   -0.4107   -1.5472    2.2051
    0.3543    0.9187    0.4541
   -1.2532    1.7259   -0.0614
   -0.3841    0.1731   -2.6041
    0.2018    0.0850   -2.0615
    0.6555    1.0567   -0.7706
    1.0971    0.6686   -0.3371
    0.6037   -0.4998   -0.2826
   -0.0005    0.6104    1.1421
    0.5414    1.9593    0.0393
   -1.0833    0.1966    0.7926
   -0.6101   -0.4266   -1.3944
   -1.7713    0.0592   -2.1946
   -1.2871    0.8092   -0.8238
    0.8346    0.0684    1.8019
   -1.4853   -1.0092   -0.5562
   -0.2562    1.9453    0.3286
    0.0978   -0.4310    0.7453
    0.3195    0.5861    1.4101
   -0.4009    2.5945    1.7330
    0.7030   -0.6791    2.3738
   -0.2968    0.3538    0.7657
   -2.0185    0.2041    0.0917
   -0.5315    0.9640   -0.3662
   -0.6740    0.0691   -0.8300
    2.1338    0.3818   -1.4328
   -1.1630    0.1876    0.7725
   -0.4754   -2.0254    0.0568
   -1.2761   -0.9481   -0.4439
   -0.3786   -1.1154    0.3452
    1.2779   -0.1898    0.3887
   -0.7876    1.4823    0.0753
    1.4496   -1.7426    0.2038
    0.8993   -2.2504   -0.0479
   -0.6983    0.5682   -0.0082
    0.4750   -0.8347    0.9807
   -1.2636    0.0450   -1.0988
   -1.1836   -1.6169   -0.8133
   -0.4402   -0.9796   -0.3390
    1.9255   -0.5991   -0.0960
   -0.5540    0.4628   -0.6212
   -0.6384    0.3621    0.8603
    0.5914    0.1006   -1.6576
   -0.3242   -0.5116    0.6628
   -0.9319    1.4138   -1.8199
    0.5025    0.2018   -1.4777
    0.0744    0.4180   -0.0886
    2.7260   -0.0671    0.3903
   -2.0211    0.4098   -0.1700
    0.7359   -1.4211   -1.6305
    1.1812    0.7962   -0.7574
   -1.5571   -1.3555   -0.9063
    0.1013    1.2994    1.3776
    0.3231    0.7631    0.7751
   -0.0454    0.7962    0.2909
   -0.7677   -0.1601    0.3972
   -1.2496   -1.1495   -1.1376
   -2.1277   -1.2702    1.7731
   -0.6164   -0.6491    1.3546
   -0.4692   -0.9671   -0.5510
   -0.3412   -0.4728   -0.4352
    2.2396    0.5725    1.3013
    0.3738    1.5714    0.5900
   -0.9057   -0.5899   -0.8616
   -0.6451    0.0015   -0.1410
   -0.8195   -0.9380   -1.2992
   -0.2640    0.8232    0.1504
    0.7249   -0.1971   -0.6933
    1.9838   -2.1148    0.6076
   -0.6030    0.5588    0.0257
    0.0053    0.3874    0.0915
    0.0253   -0.2550   -0.0058
    0.4774   -0.6444    1.0570
    0.5620   -0.8740   -0.1050
   -0.2568    0.2478   -1.6283
    0.0950   -0.6818    1.0500
   -0.8713   -1.9867   -1.0025
    0.1716    0.1339   -0.7373
   -2.0810   -0.7847    0.5954
    0.2787   -1.8807    0.1134
    1.3888   -0.8459   -1.3469
   -1.1365   -0.2770    0.5576
   -1.9336   -1.3280   -0.2543
    1.4339   -0.2410   -2.0641
    0.3329    0.1206    0.9195
   -0.2196   -1.0363   -1.6910
    0.0678    0.1638    1.2724
   -0.1503   -0.0011    1.3030
   -0.1926   -0.0535    0.3292
    1.9580   -2.0363   -0.2321
    1.0622   -0.3458    0.3585
   -0.5194   -0.1695   -1.1325
   -0.3552   -1.0229   -0.5033
    0.2610   -1.1197    0.7285
   -0.0306   -0.0530    0.4357
   -1.9279    1.0066   -0.2016
    0.5344   -0.7975    0.1780
    0.3205    0.4211   -0.2012
   -0.6953   -1.0295   -2.3546
    0.3389   -2.1013    1.3707
    0.7628   -0.0312   -1.3995
    0.9385    1.3819    0.5991
   -0.2153   -2.9189   -0.1317
    0.3860   -0.9950   -0.3431
   -0.8947   -1.8927    1.0959
   -0.2086    0.9797    0.2687
    0.4012    1.8819   -0.1410
   -0.9722    0.9238   -0.1644
    2.4469   -0.1854   -0.3780
   -0.0688   -1.1372    0.3361
    0.0399   -0.1731   -0.4846
    0.1653    0.6790    0.1412
    0.4972    0.3497    1.0053
   -1.8285   -1.0830   -0.7638
   -0.0416   -1.9608    2.1294
    0.4557    0.3326    0.7824
    0.9818    1.3207    0.6635
   -0.3775   -0.4564   -1.4285
   -0.5320   -0.5143   -0.0725
    0.4487    0.5008   -2.2981
    2.0723   -0.9851   -0.7160
   -1.4994    1.3986    0.6140
   -1.0667    0.8634   -0.0347
    0.8466    0.1085   -0.9754
   -0.1334    1.0111    0.3162
    0.7367    1.2482   -0.8758
   -1.0315    1.4037    1.1895
    0.7231   -0.1584    0.3413
   -0.9040   -0.6349    0.8831
    2.0660   -0.0740    0.0038
   -0.8126    2.6303    0.2104
   -0.8352   -2.2120   -1.1231
   -0.0827    0.7090    0.0859
   -0.0434    0.6927    0.1312
    0.2768    0.8655    0.4118
    0.0467    0.7012   -1.2042
   -0.1042    1.2198   -0.5899
   -1.0744   -0.4705    1.2200
    0.3412   -0.1700    0.2221
   -1.0022    1.5959   -1.4034
   -0.7118   -0.1158    0.6827
   -0.6523    0.0962   -0.9254
   -0.6638   -0.0376    0.2330
   -0.3813   -0.7245    1.3189
   -1.7576   -0.6969   -0.6900
   -0.7178   -0.2594    0.4182
   -1.6632    0.4667   -0.3350
   -0.5585   -0.6426    2.0303
    0.4614   -0.0231   -0.1364
   -0.5765   -0.1971    1.3832
    0.3635   -1.9361   -0.4420
    0.3396   -0.0696    0.9460
    1.9275   -0.5803   -0.1365
    0.8846    0.1284   -0.8634
    0.5893    0.1774    0.9953
    0.3578    0.4778    0.8347
   -1.5930   -0.7336   -0.6312
   -0.3092    0.8443    1.1572
    0.4319    0.6299   -1.9684
   -2.0622   -0.3449   -1.5129
    0.4250   -0.2648   -0.8266
    0.5931    0.1496    0.8388
   -0.9229   -2.5287    0.0551
   -1.4318   -0.0707   -0.4351
   -1.1943   -0.0448   -0.1092
   -1.1454    0.0277   -1.1412
    0.0649   -0.4994   -0.4178
   -0.1282    0.4577    0.0113
   -0.4829    0.1721   -0.0812
   -0.5691    1.2432    0.6310
   -1.1676    0.0360    0.0296
    0.8778    0.4246   -0.3983
    0.7701    0.5872    0.7693
    1.5950   -0.1128   -3.3815
    0.3541    0.4565    0.4099
   -0.4976    1.0526    0.3630
   -0.0113   -0.9526   -0.8984
    0.3675    0.5041   -1.7575
    0.8583   -0.2652    0.0533
    1.7763    1.0151   -0.4079
   -0.3426   -0.0943    0.2693
   -0.5087   -0.3252    0.4018
    0.2444   -0.0849    0.5154
    2.5128   -1.3419   -0.8015
   -0.1617   -0.0888   -2.1627
    0.3489   -0.5540    0.9752
   -0.4790   -0.6141   -0.1536
   -1.0473    0.7072    0.6259
    0.4098   -1.8664    0.2482
   -0.1525    0.0387   -1.0961
   -0.6886   -0.3025   -1.8262
    0.6268    0.3378   -0.4877
    0.8012   -0.2956   -0.9969
   -1.0898   -1.8084   -0.3760
   -2.0127    2.5322    1.3008
    0.7621    0.6145    1.6096
   -0.7699    0.4714    0.1839
   -0.1347    0.1525   -0.7535
   -0.6456   -1.8860    2.1005
   -0.5440   -2.1132    0.5936
   -0.3144    0.6089   -0.2778
    0.4826   -0.9744   -0.2134
    0.1510    1.8749    0.4319
   -0.3699    0.0556   -0.3612
    1.8139    0.1440    0.0525
   -0.7200    1.6444    1.0359
   -0.6757    1.0093    1.1927
   -0.0100    0.2235    0.2237
   -0.3932   -0.5878    0.8690
    0.6540   -0.2162    1.7540
    0.1055   -1.0916    0.4209
   -1.4936    0.7135   -1.5511
   -0.6725    1.0807    1.0982
    1.2314    1.0895    0.1654
    1.7239    0.2373    0.4010
   -1.9051    1.7579   -0.1706
    0.9475   -1.8696    0.5380
   -1.1899    0.6930   -0.2396
   -0.5011   -1.0398    0.0356
    0.0937    0.3236   -0.7727
    0.7471    0.1803    0.2554
   -0.6037   -0.0541    0.3854
    0.8115    1.1812   -0.4907
   -0.7873    1.6646    0.0200
    0.4106    0.8948   -1.4023
    2.7549    0.5602   -1.6528
   -1.4311    1.5754   -0.6887
    0.5717    1.8365    0.7723
   -0.1554   -0.3150    0.8011
   -1.2152   -0.5961    0.8793
   -0.7128    0.2803   -0.4101
    1.1601   -0.3783    0.2633
    0.5295    0.5826   -2.1376
    1.8117    1.3241    0.3298
   -0.1470   -0.1798    0.5680
    1.4055    0.1105   -1.0855
    0.1716   -1.7367    0.5316
   -0.0789   -0.1714   -0.6728
   -0.0370   -0.0749    0.6578
   -0.8764   -1.5378   -0.2873
   -1.4146   -0.2531   -0.4153
   -1.4335    0.6124   -0.2268
    0.4543   -0.5013    0.3716
   -0.3246   -0.3032   -0.0754
    0.2046    0.4659    0.4030
    0.6051   -1.4022   -0.2749
   -0.9791   -1.1033   -1.0913
   -0.0544    0.0887   -2.2240
    1.7562   -0.2729    0.3941
    1.1998    0.3311    0.0739
    0.4546    1.7820   -0.6969
   -0.9548    1.1020   -0.1625
    1.0526   -0.1119   -0.6273
    0.3461    0.1024   -1.9322
   -0.2992    1.7351   -0.8209
    0.8253   -1.0030   -0.7032
    0.6441    0.5603    0.1662
    0.7091   -1.1245   -1.7749
   -0.5325    0.4437   -0.4384
   -1.8156   -0.0022    0.1502
   -0.0033    0.8972    0.9680
   -1.7111    0.5696   -0.3453
   -0.1897   -0.2128    0.4960
   -0.5781   -0.2815    1.3408
   -0.6602    0.4669    1.2346
    0.5554    0.1862   -0.2909
    0.0052    0.9737    1.5758
   -1.4905    2.1083   -0.1078
   -1.0187    0.2564    0.0138
   -0.7824    1.3660    0.9222
   -0.9984    0.5841   -1.5012
   -0.6802    1.2172   -0.0260
    0.9834    0.7114   -1.3391
    0.6799    1.2879   -0.0813
   -1.9209   -1.9538   -0.8542
    0.2626    1.4402    0.0998
   -1.1119    0.2315   -0.2988
   -0.8549   -2.0887    0.6609
    0.8767   -0.2752   -0.0614
    1.3915    0.5485    0.0845
    1.0785   -0.3850    0.7342
   -0.8761    0.2234   -0.0919
    0.5334   -1.9341    0.0051
    2.6663    1.3438    0.1781
   -0.8811   -0.0626    0.6574
   -0.9865    0.0657   -0.2956
    0.7011    1.3927   -0.0080
    0.4747   -0.2465    0.4315
   -0.2340   -0.1210   -0.0967
   -0.3773   -0.0909    0.2705
   -1.5990   -0.7640   -0.9267
   -0.8572   -0.5302    0.6605
    2.0253    0.6821    0.2289
   -1.1270   -1.7301    1.1351
    1.7207    0.1558    2.2980
    0.2998    0.6426   -0.7958
   -0.3389   -1.1682    1.5436
   -1.0308   -0.8277   -0.8494
    1.9516    0.3768    0.9344
   -0.0387   -2.5149   -0.3189
   -0.9751    0.1984    1.0431
    1.5150   -1.7317   -0.6143
    0.1332    1.2020    0.2662
   -0.1418    1.7801    1.2425
    0.1208   -2.3071   -0.8010
    0.1324    0.2209   -0.1785
   -0.8297    0.9553   -1.0640
   -1.8539    0.1845   -0.0308
    0.2648   -0.7530    1.3590
    0.8986    0.2651    2.9165
   -0.2149    0.0551    0.9136
   -0.6293   -1.5521   -0.0364
   -0.6305    0.0306   -1.8727
   -0.4324   -0.3138   -0.9769
   -0.4604   -1.0490   -1.6629
   -1.3890   -0.8226    0.5383
   -0.7042   -0.2974   -0.1079
   -0.5588    0.5269   -1.9704
   -1.6336    1.0250    1.2397
    0.3490   -0.7767    1.0649
    0.4149    2.1820   -0.7676
   -1.3234    0.4424   -2.0910
   -0.2312    0.6039    0.6756
   -0.3876    1.5763   -1.0588
    0.0138    2.2426    1.4521
    0.1111   -2.1107   -0.9818
   -0.2755   -0.5767    1.1085
   -0.7211    0.8304    1.0319
    0.2970    0.5309    0.8930
    1.5964    1.4661   -0.2155
    2.2444   -0.0732    1.0914
   -0.1877    2.1832    1.2835
    1.2450    0.8616    0.8815
   -0.1708   -0.4752    0.2021
    0.2343    0.3160   -0.2361
    0.9250    0.8167   -1.7379
   -1.1903   -1.7905    0.5957
   -0.4606   -0.0573    0.3445
    1.1250   -0.8781   -0.1301
   -1.0443    0.3075    0.8884
    0.8715   -2.6759   -0.6076
    0.4138   -0.6366    0.1518
   -0.2587    0.6772    1.7010
    0.0890   -2.6150   -1.0139
    1.3724    0.9798   -1.9698
   -1.4207   -0.1779    0.0543
    1.6590   -0.0915    0.2025
    1.1637    1.9795    0.3917
    1.2075    0.3481   -0.0375
   -0.9879    0.6047    0.7328
   -0.5104    0.3791   -1.0343
    0.5072   -1.4235    1.6140
    0.4031   -0.3414   -1.9881
    0.5752   -2.5048   -0.8678
   -0.1817    0.5403    0.7159
    0.7783    0.3123   -0.9140
   -1.0801    0.3972    0.8005
   -0.4618    2.1308    0.3836
   -2.1205   -1.0439   -0.4504
    1.8360   -1.2189   -0.3667
   -0.5742    0.3208    2.1537
    1.2916    0.3956    0.4649
   -0.9454    0.8259    1.5653
    0.5346    0.4298   -1.4429
   -1.4481    0.6502    1.3583
   -1.1495    0.8760    0.7132
   -0.3181    0.0874   -1.8781
    0.3341   -0.9988    1.5350
    0.1909    0.3979   -0.5862
    1.0489   -0.8154   -2.8546
    1.1940    0.0483   -1.9604
   -1.5290   -0.0847    0.1640
   -2.6338    0.8098    0.3175
    1.0039    0.4976   -0.7551
   -0.0712    0.2059   -0.7216
    0.3264    0.2193    1.3144
   -0.7557    1.7260    1.3202
    0.4631    0.9641    0.6450
    0.2867    0.7147   -0.9247
   -1.4239   -1.7857    0.3924
   -1.1313    1.3767   -0.2031
    0.0205    0.4274    0.6239
    0.5560    0.3843    1.9203
   -0.3927    0.5556    0.7370
    1.4624   -1.1600    1.6604
    1.5746   -1.7900    1.0857
   -0.5139    0.7779   -0.1385
    1.2431   -0.9611    0.7165
    1.3697    0.4821    0.8220
   -1.1603    0.1309    2.0829
    0.3830    0.7762   -0.0967
    1.1053    1.7636    0.9122
    1.8495    1.0275    0.8134
   -0.0288   -1.0504   -0.0604
   -0.8139    0.8333   -1.3310
    0.0036   -0.4808    0.1990
    0.6144   -1.2380   -0.2287
   -1.2386    0.8183   -2.4605
    0.1852    1.8847    0.3788
   -0.2558    0.1583   -1.6531
   -1.3596    1.9682   -0.2784
