 0.2569    1.1178   -0.1415
    0.2913   -0.1991    1.2417
    0.5882   -0.3899   -0.7717
    0.3047    1.3629    1.6455
    0.7983   -0.9777   -0.1409
    1.0485   -0.6539   -1.5697
    1.5062   -0.6952   -1.8021
    0.2215    1.2512   -1.2379
    0.4559   -0.6507   -0.6982
   -0.6010    0.6186   -0.7944
    1.5833   -0.3272   -1.0699
   -0.2582   -0.5146   -0.5050
    0.6237    1.2097   -0.1484
   -0.6154   -2.2878   -1.6361
   -0.6173   -0.1672    0.6348
    0.1216    0.0757    0.1979
    1.9114    0.5081    0.1074
    1.0733   -0.5119   -0.6538
   -0.9735   -1.2879    0.4783
   -0.5715   -0.3915    0.1241
   -2.5320    0.6641   -0.0360
    1.4043    0.0335   -0.7569
    0.4342   -1.1073   -1.0011
   -0.1190   -1.3875    0.9977
    0.4539   -0.1149    0.1333
    1.6665   -0.7912   -1.5263
    0.6355    0.4393    0.2303
   -0.3898   -2.1857    0.5475
   -0.6798   -0.3188   -1.3741
    1.3075   -0.2199   -0.6465
   -1.6386    0.6091   -0.6634
    0.4946   -0.0671    0.4965
    0.7573    1.7479   -0.5993
    0.4648   -0.1452    0.3283
    0.5305    0.0619   -1.0653
   -0.8373   -0.4450    0.7325
    0.0130    0.4719    0.6562
    0.3458    0.0002   -0.5328
    0.2067    0.5201    1.1399
   -0.6107   -0.0710    0.4927
    0.9456    1.0372   -0.7272
    0.1311   -1.3677    0.5259
   -0.0109   -0.1203    1.7367
   -0.1880    0.2694    1.8218
    0.6678   -0.0039    1.5216
    0.2408   -1.0382    0.1718
   -0.4534    0.1041    1.0515
    0.0625    0.9814   -0.0278
   -0.0042    0.2330    0.5813
   -2.4609    0.6515   -1.4564
   -1.1539   -1.7894    1.5243
   -0.1676   -0.2279   -0.1387
   -0.4242   -0.3970   -0.4067
    0.6747    0.1292    0.7932
   -0.2121   -0.2006   -0.2950
    0.2564   -0.2301    0.0229
    0.4464    1.6118    0.2175
    1.4768   -0.7337   -1.5485
    0.9782   -0.4113   -0.9704
    0.5952   -0.9122   -1.0230
   -0.1893    1.7177    0.4459
   -2.0502    0.2968    0.5136
    0.3793   -0.9443   -0.0724
   -0.3493   -0.3337   -0.0595
   -0.1959    0.3741   -1.3292
   -0.9037   -1.0668   -1.4315
   -2.6771    0.0445   -1.7099
    0.2262    0.0914    0.8072
   -1.1230   -1.2369   -1.7009
    0.3402   -0.0542   -0.1317
    1.3351    0.0862    1.0250
    1.1170    0.5958   -0.5852
   -0.8401    1.0999   -2.2681
    0.2645    0.1099    0.9579
    0.9875    0.4238    0.0716
   -1.2947   -0.1687   -0.7693
    0.2972    0.5472    0.0603
    1.2518    0.1247   -0.5931
   -0.5486    0.7533    1.6036
   -1.0387    2.1772    0.7392
    1.2614    0.3128    0.2400
   -0.2854   -0.0134   -0.2501
    0.2794   -0.5044    1.0930
   -1.2774    0.0272   -2.3887
   -0.3080   -0.2535   -0.3369
    0.5488    0.5917   -0.0574
   -1.2981    0.9812   -0.5554
    0.8623   -0.5463   -0.2831
   -1.5821   -0.8897   -0.1754
   -0.5346   -0.1537   -0.7359
    1.3364    0.0237    0.3704
    0.7002    0.8136    1.9736
    0.0525    1.1021    1.4228
   -0.0935   -0.1115   -0.2485
   -0.4441   -1.4647    0.5724
   -0.8020   -2.0413   -1.9322
    0.4435   -0.0938    1.2569
    0.6151    0.7519   -0.2943
    0.8772   -0.4777   -0.9308
   -3.0316    1.2339    0.4838
   -0.1357   -0.2386   -0.2065
    0.2698   -1.4118    0.0720
    2.0414   -0.9706   -2.7540
   -1.3563   -0.1189    0.7477
   -1.2245   -0.0405   -0.8061
    0.8067    0.3938   -0.4026
   -0.0763    1.0013    0.2238
    0.4163    1.6248    1.3982
   -0.1860    0.2129    1.1391
   -1.6864   -1.5266   -0.9376
    0.6970   -1.4597    1.1725
    0.8992    0.1007    2.0619
   -0.2682    2.2834   -0.6504
    0.3453   -0.1958   -0.4161
    1.6311    0.3122   -1.2203
   -1.3128   -0.1444    0.3700
    0.3178    0.3088    1.1743
    0.7625   -0.6835   -0.1846
    1.5014    1.1954   -1.8540
    1.0092   -1.1851    0.0320
   -0.8497    0.1379   -0.6349
    1.3506   -0.3322   -0.3152
    0.4728   -0.4339    0.5609
    1.3237   -0.9009   -1.4425
   -2.5807    1.7887   -0.7354
    1.4996    0.9933    1.5599
    0.2270    1.1727    1.4752
   -1.5203   -0.3476   -0.0803
    0.3516    0.5328   -0.5725
   -0.2183   -0.9232   -0.2576
    0.6965    0.5017    1.9766
    0.7905    0.5836    0.2151
   -1.7547    1.1564   -0.5133
    0.4638    0.1626   -0.6844
   -2.4086    1.2921    0.4942
   -2.1966    0.0330    0.9197
   -0.0955   -0.3100    1.2446
   -0.5613   -0.0073    0.2143
   -0.1391   -0.0572   -0.1209
   -0.9804   -0.1364    0.6976
   -2.1932    1.1731   -0.5228
    0.9224   -0.4346   -0.2518
   -0.3573    0.0146    0.9360
    1.4428   -0.8193   -0.9950
   -0.1550   -0.3340   -0.0645
    0.3239    0.3081    0.6196
   -0.4803    1.6901   -0.4311
   -0.3120   -3.0957   -0.1066
   -1.1753   -0.5534   -0.4304
   -0.3081   -0.5915   -0.1713
    0.5762   -1.1578   -0.0307
    0.1422    0.6909    0.5958
    0.7713    3.2149    0.6477
    1.5373    0.3725   -0.1271
    0.2911    0.4541    0.5246
    0.1943   -0.3804    1.2871
    0.2135   -0.4840    0.4255
   -0.6069    1.5641    0.1053
   -0.0869   -0.1310    0.0971
    0.3200   -0.3729   -0.0928
   -1.9161    0.6499   -0.3725
   -2.1881   -0.0275    0.0957
    0.8616   -0.6267    0.4623
   -1.7462    1.5443    1.5006
   -2.5700    0.3181   -1.5655
   -0.1390   -0.6158    0.0405
   -0.0588    2.3390   -0.1643
    0.2000   -0.9779    1.5822
    0.7775    0.4201   -0.1991
    0.4387    1.8155    0.7257
   -1.0179   -1.4505   -0.1376
   -0.5219   -0.3350    1.1218
    0.0174   -1.3575    1.4054
    0.3897   -0.7314    1.3270
   -0.1546   -0.3804    1.1773
   -0.0845   -2.0078    1.2663
    0.5209   -0.8015    1.4545
   -0.7064    0.3297    0.3658
    0.5683    0.4498   -0.1526
   -0.0948   -0.8071    0.7606
    0.4961   -0.7510   -0.8569
    0.8128    0.0063   -0.4433
    0.3459   -0.6201    0.8406
    0.7886    0.1549    0.0579
    0.4025    0.2700    0.7782
    0.4337   -0.3464   -0.0193
   -0.5802   -1.3923    0.5253
    1.4676    0.8688    0.2370
   -0.0519   -0.9401    0.7801
    0.8888    0.4376    0.9400
   -0.2572    0.1859    0.5873
    0.5759   -0.6160   -0.0388
    0.7565   -0.7310    1.0323
    0.8586   -0.4050   -1.7116
    1.2185   -0.1694   -0.4632
    1.5311   -0.0264   -0.5350
    1.3700    0.1044   -1.1023
    0.0887   -1.1121    0.9578
   -0.4272   -1.7573    1.7386
   -0.2749   -0.9125    0.6607
    0.3761   -0.0044    0.9990
   -0.1610   -0.1926    0.6741
    0.6714    0.7666   -0.1375
   -1.4773    0.1528   -1.3108
   -0.4417    0.8663    1.0829
   -0.3236    1.1539   -0.4760
   -0.7452    0.2607    0.8055
    1.4428   -1.2377   -1.8317
    0.9214    0.5129    0.5556
    0.2650    0.4484    2.0140
   -0.2645    2.3197   -1.9566
   -0.9726   -0.4945   -0.5613
    0.4518   -0.1702   -0.2141
   -0.5282   -0.6101    0.6772
    0.4017    1.5792    1.2409
   -2.2811   -0.9064   -0.6969
    0.2553   -1.0868    0.2998
    0.5973    1.8612   -0.1566
    1.4991   -0.7699   -0.5273
   -0.5888    0.8109   -0.3070
   -0.8143   -0.6140   -0.0314
   -2.8702    0.0214    0.2120
    0.9734    0.0269    0.0197
    0.8472   -0.1972    0.8086
    1.2167    2.5711   -0.4370
   -0.1256   -0.1116   -0.2290
    0.8179    0.5365    2.0503
    0.5575   -0.2585   -0.6886
    0.7143    2.8895   -0.7226
    0.1744   -1.1890    0.4574
    0.8298   -0.0236   -0.4483
   -1.5878    0.2096   -0.8025
    1.5152    0.5498   -1.5406
   -0.8763   -0.0558   -1.2303
   -2.6147    0.5581    0.1756
    0.0973    1.2602    0.5418
    1.0055    0.2375    1.3587
    0.0375   -0.2113    0.7321
    0.1557   -2.7368   -1.3139
    0.3423    1.0476    0.4181
    1.6630   -0.0942   -1.3058
    0.9168    0.2825    0.6923
    0.6206    0.5795    0.7802
    1.1190    0.0919    0.6739
   -0.1720   -0.2760   -1.3828
   -0.0015   -0.2015    0.6986
    0.6053    0.3340    0.2170
    1.3405    2.6073   -1.5177
   -0.0059    0.6866    1.0292
   -0.0189   -0.3484    0.1822
   -0.6126   -2.3989    1.1435
    0.5764   -0.1013   -0.1398
    1.0066   -1.3741   -0.0776
    1.0449    0.2497    0.3185
    0.2293   -0.4108   -0.0537
    0.6890   -0.4681    0.0783
    0.3589    1.2714    0.6798
    0.8713   -0.4073   -0.6637
    1.6710   -0.3472   -0.8315
    1.4261   -0.0611   -0.0819
   -0.5564   -0.3534   -1.4994
    0.9952   -0.0989   -0.0515
    0.8864   -0.1506    0.7361
    0.2490   -0.4280    1.1486
    0.6899   -0.1217    1.2785
    0.6820   -0.2096    0.5076
    0.8381    1.2774   -0.1145
   -2.6500    0.0307   -0.0609
    0.8205   -0.1835    0.2571
   -0.1916    0.0091    1.6370
    1.0356    0.6809    1.0171
   -1.0724    0.0059   -0.6815
   -0.0102    2.6121    0.6013
    0.5175   -0.0731   -0.6571
   -1.7757    0.2782   -1.0128
   -0.2883   -0.2013   -0.3173
   -0.6315    0.5608    0.5094
    0.5947   -0.5990   -0.9799
    0.6633   -2.4674   -3.3068
    0.0169    0.1824    1.8201
    0.1944    1.3160    0.2145
   -1.2152   -1.0786    0.2804
   -1.3937    0.4119   -0.4962
    1.3078    0.2329    0.1057
   -0.2215   -0.2490    2.1427
    0.2073    0.3446   -0.8783
    0.8771    0.3206    0.3715
    0.2141   -0.8982    1.0425
    0.3514    0.0002   -0.2545
    0.8405    3.1193   -1.5959
    1.6769   -1.8694   -2.4056
   -0.1763   -0.7841    0.2770
   -0.2100    1.0949    0.6144
    1.0801   -0.4694    0.2012
    0.3770    0.0868    0.7836
    0.4389   -0.6319    1.4551
   -2.0673   -1.5321    1.5241
    0.5162    0.0178    1.7905
    0.0201   -0.2010   -0.7569
   -0.0910   -0.5214   -0.3162
    0.8080    0.5769    1.3754
    0.6841    0.9335    0.3253
   -0.7185   -0.8610    0.1437
   -1.6538    0.8524    0.3575
    0.2931    1.0152    0.4874
   -2.0636    0.0248   -0.7793
   -0.2814   -2.1283   -2.4900
   -0.1702   -0.7932    0.6345
   -0.3797    0.1558    1.8967
   -0.1050   -1.3734    0.6230
   -0.3314   -0.8567   -0.2590
   -0.1640   -0.7761    0.5227
    1.0279   -0.9746    1.2882
    0.3157   -0.4898    1.0699
    0.4065    0.1432   -1.0939
   -0.8669    1.9227   -0.3930
   -1.1425   -0.9806   -1.5784
   -0.0065   -0.2755    0.1928
   -0.2274    0.4308    1.0169
    0.7011    1.4611   -1.8062
   -1.2882   -0.9287    0.8667
    0.5954   -0.2047   -2.1085
   -2.0899   -0.3662    0.0374
    0.8071    0.0442    0.0656
    1.2468    2.7484   -2.6460
   -0.8959    1.2811    0.1885
   -1.2908   -1.7248   -0.6827
   -0.0389    0.2269    0.8990
    0.0717   -0.8246    0.5914
    0.2788   -0.8339    0.2395
    0.9711   -0.0037   -0.9351
    0.4556    0.2250    0.7554
   -0.1483    1.0563    0.3997
   -0.7820   -0.1204   -1.5338
   -1.3753    1.8007    0.8543
   -2.7243   -0.3402   -0.4174
    1.0111    1.1738    1.8298
    1.8632   -0.0079   -2.8395
   -0.2757    0.3182    1.3639
    0.9763    1.0897    0.6317
   -1.2800   -0.3281   -0.5370
   -1.8384   -1.9546   -0.7084
   -0.0068   -1.8020    2.5126
   -0.0706   -1.0208    0.6704
   -2.6695    0.2884   -0.7142
    0.4215   -0.3077    2.2878
    0.1407   -0.7368    0.0670
    1.3983    1.0885   -1.0438
   -0.5643    0.4278    1.2425
   -0.2486    0.1962    0.1767
   -0.1059   -0.5229    0.9646
    0.6124    1.0325    1.7721
   -0.5986   -0.0419   -0.3170
   -0.1002   -0.6263    0.4200
   -0.9360    0.3857    0.8177
    0.3199   -0.2383    1.6346
    2.2059   -1.1887   -0.5964
   -0.6948    0.3027   -0.6958
    0.2355   -0.0990    1.9348
    0.0941   -0.0554    0.1034
   -0.7901    0.4189    1.0089
   -0.6069    0.8009   -0.4339
   -0.7841   -0.5433   -0.3928
   -0.7685   -0.3252   -1.8004
   -0.7770   -0.4261    0.1973
    0.3353    1.0390   -0.4100
   -0.6857    0.5798   -0.7344
   -1.3781   -1.1080    0.3121
   -0.2316    3.8676   -2.4033
    1.5375   -0.9624   -1.6362
    0.7926    1.6010   -1.1238
    0.6352   -0.3688    0.5916
    2.0522   -0.2717   -1.7578
   -1.8236   -2.2298   -0.5008
    1.4591    0.2487   -1.3568
    0.8590    1.1209    1.1403
    0.4460   -0.8219    1.0848
    0.6270    1.0466    0.7986
   -0.7860   -0.1176    2.0982
    0.0853    3.2854   -1.2117
    0.3010   -1.5696    1.0152
   -0.6146   -0.2043    0.7814
   -0.7283    2.3291   -0.4308
   -0.0559    0.2783    0.1285
   -0.5580   -0.6797    1.2830
    0.5086   -0.1536    1.0357
   -0.7007   -0.8291    0.3710
   -1.8277    1.4607   -2.2326
   -0.3843   -0.5522    1.4405
    0.6326    1.2694    0.2784
    1.3505   -0.4044   -0.9552
   -0.1178   -0.0113    1.3572
    1.4223    0.4271   -1.7872
    1.3080   -0.1262   -1.0889
   -0.8718    1.2271    0.8874
   -0.4256    0.3207    0.5234
   -1.0664   -0.2102   -1.1064
    0.7083    1.0371    0.3262
    0.0450    0.4206    0.2582
    0.1809   -0.1031    0.7999
   -1.3278    0.0652   -1.3237
    0.3705    0.4108    2.5674
    0.4042   -0.8448    0.6102
    0.3179   -0.7252    0.8821
    0.0645    1.6355    0.3184
    1.4478    1.4864    0.6948
    0.2165   -2.1135   -0.6395
   -0.6935   -0.7020    0.0110
   -1.8557    1.1414   -1.6599
    1.3496   -0.0691    0.5892
   -0.1468   -0.2038    0.1837
    0.8629    0.0202   -0.8439
   -1.6578   -1.1277   -1.1517
   -0.9195    0.6600   -0.3592
    0.3840    0.1865    0.4355
   -0.1840   -0.3444   -1.3220
   -0.2382    1.9420   -1.1439
    1.2175    0.1140    0.7760
   -0.3662    1.1340    0.7894
   -0.5985   -1.0525    1.3867
   -2.7885    1.5018    0.6012
    0.0901   -0.4401    1.7110
   -2.9490    0.4066   -1.0259
    0.7410   -1.7122    0.1540
    0.0032    0.2398   -0.0250
   -0.0656   -0.4382    0.3475
   -0.0491   -0.9999   -0.5208
   -0.5159    0.1171    0.5810
   -0.1121    1.3210    0.7829
   -0.5008   -0.6277   -1.5758
   -1.0271   -0.5736   -1.3308
    0.9067   -1.0457   -0.3307
    0.2773    0.0714    0.8735
   -0.2175   -0.2780    0.9545
    0.8334    0.2872   -0.8937
    1.2669    0.2846   -2.1628
   -0.0624   -0.0472    0.1215
    0.3662    0.3769   -1.0329
   -0.8160    0.3680   -0.5414
    1.4676    0.0568   -1.0708
    0.4062    0.8512    0.4326
   -0.0712   -2.0933    0.5728
   -0.1737    0.2562    0.5108
    0.5981   -0.2834   -0.4017
    1.5490    0.3413    0.5910
    0.7709   -0.8658   -0.8288
   -0.2848   -0.4484    1.1283
   -0.1799    0.6993    1.6743
    0.0204    0.1550   -0.4102
   -0.0009    0.3555    1.7174
   -0.4107    0.3310    0.9503
   -1.0008    0.5799   -0.8011
    0.7657   -1.5791    0.8218
   -0.5564   -1.3872   -0.1353
   -0.7433    0.5062   -0.7166
    0.1638   -0.4986    0.3922
    0.1437   -0.4722    0.6608
   -0.0510    0.5347    1.1982
    1.7557   -0.4889   -0.3788
   -0.1270    0.8381    1.0571
    0.4811    1.4464    2.0491
   -0.1965   -0.6602   -0.3057
    0.8657    0.0584   -0.6073
   -0.1517   -0.2404    1.3114
   -0.3016   -0.3402    0.8227
    0.8018   -0.7259   -0.3424
   -1.2243   -0.0916   -0.5079
    0.1026   -1.2999    0.0510
   -3.3024    0.8262   -1.6134
   -0.0415   -0.6659    0.8299
   -2.0748    1.4766   -0.5942
    1.0218    1.1843    0.2619
   -1.4209    0.0406    0.3336
    1.6851   -0.8912   -1.3360
   -0.8619   -2.2183   -0.7265
   -0.8137    0.7945   -0.6014
    1.2394    0.3404    0.7525
    0.0362    0.1464    0.3521
    0.3394    0.9724   -0.3526
    1.3526    0.4191   -1.3124
   -0.6684    0.6621    0.3657
    0.2091    0.7301    1.0570
   -0.1761   -1.6850   -1.0240
    0.7248    0.7099    2.4103
    0.8787   -0.9771   -0.7852
    1.3410   -1.3317   -1.3760
   -0.3040    0.7029    0.8595
    1.9591    0.2741   -1.0515
   -0.2320   -0.3515    0.8268
    0.5815    1.3542    1.0566
    1.7816   -0.4716   -0.6056
    0.4061   -0.2506    0.3113
   -0.0755   -0.0358    1.6711
   -0.7634   -1.7845    0.0753
   -0.4098    0.1697   -0.4354
   -0.5216    0.4215    1.1797
    0.8227   -0.6491   -0.6196
   -1.0751   -0.5671    0.1349
    0.4305    0.8445    0.5043
   -2.0166   -0.9627   -0.5956
    0.3430    0.4851    0.4480
    0.4217    2.2380   -0.9535
    0.7722   -0.8378    0.4468
    1.6846    0.3317   -1.7772
    0.2339   -0.4593    0.6041
    0.0212   -0.2411    0.4551
    1.1637    2.0517   -1.1732
   -0.7905   -0.0085    0.0274
    1.7134    0.5125   -0.1551
    0.8318    0.7782    0.9935
   -0.0617    0.3769   -0.4633
    0.6219   -0.5015   -1.0109
   -0.0812    0.0996    0.2233
    0.1076    0.5143    0.5806
    0.1273   -0.9347    0.8574
   -2.1160    1.2691   -2.1404
   -0.7519   -0.0467    1.2297
   -2.4980   -0.8824   -0.9152
    1.3590    0.3109   -0.1935
    0.0322    0.4043   -0.0868
    1.1968    2.9966   -0.1513
    0.5308   -0.9472    0.8180
   -0.7813    0.8289    0.0460
    1.1128   -0.8940   -1.1314
    0.2344    0.0224    0.2188
   -1.5412    0.0351    0.2772
   -3.2303    0.0992   -0.8659
    0.5147   -0.9657   -0.2207
    0.1085    0.8270    0.9475
   -1.4867    0.8174    0.6822
    0.7142    0.5837    1.5293
   -1.2492    0.3921   -0.8225
   -1.1919    1.9663   -1.5367
    0.3308   -0.0755    0.3420
   -1.4456   -1.7584    1.4066
    0.1032   -0.7249   -0.4325
   -0.1968    0.2911    1.2653
   -0.7952   -0.4723    0.7648
    0.7311    0.1229   -0.0342
   -2.3707   -0.5129   -1.4254
    0.1314    0.1747    0.8492
    0.9159    0.7773    0.4037
    0.7504   -0.9284    0.0396
   -0.4108   -0.1557   -0.1711
    0.5408   -0.3413   -0.8291
    0.7347    0.0791    1.0272
    0.3141    0.6116    0.4679
    0.5376    0.7952   -1.8101
   -1.8539   -0.7015   -0.4971
   -0.4493   -1.0538    1.0306
   -0.6243   -0.0506    0.4121
    0.4639   -0.6989    0.7585
    0.5652    1.0760   -0.1611
   -3.0033   -0.4743   -1.4651
   -0.4934   -1.9590   -0.3279
   -0.8510   -0.5191    1.3694
    0.5674   -1.4038   -0.0953
   -0.5741    0.6755    0.2889
    0.4293    2.7424    0.6909
    0.7835   -1.9243   -2.3190
   -0.1265   -2.6688    1.5090
   -2.5000   -0.9169   -0.8188
    0.3603    0.5511    0.3829
    0.8672    0.1075    0.4957
   -1.0710    0.4776    0.2444
   -0.2291   -0.1538    1.3616
    0.8466   -0.4173    0.5506
    0.9938    0.5125    0.8639
   -2.3770    0.3329   -0.5030
    0.1192   -1.1713   -0.5290
   -0.2502    2.7943   -0.8129
   -0.6364    0.0545   -0.1007
    1.7721    0.8562   -0.3934
   -0.2184    0.3194    0.1896
    1.6303   -1.1280   -2.0649
   -2.4977    0.3470    0.2745
   -0.2930   -0.0449   -0.4528
    0.5656   -0.7588   -1.3874
    1.4611    2.4250   -0.3544
    0.9657    0.7630   -0.1068
   -0.8680    0.3697    0.4136
    1.0370    1.5822    0.0620
   -0.7135   -0.7635    0.6507
    1.3008    0.7155    0.4872
    0.0440    0.5236    1.2736
    1.1931    1.3578   -0.5652
    1.0528   -0.1854    0.5163
   -0.3381    0.5883   -0.1862
   -0.2001    1.4913    1.0176
    0.9064   -0.2442   -0.1678
    1.3206   -0.9294   -0.8792
    0.1390   -0.1833    1.0278
   -0.0037    0.2651   -1.6139
    1.0573    0.3445   -0.2831
    0.4752   -0.2784   -0.2920
    2.1289   -1.6791   -2.5741
    0.4948    0.2533    0.0751
   -0.0346    1.4300    0.8108
    0.5203    0.7048    0.8618
   -0.0332    1.1849   -2.0695
   -0.5183   -0.9172   -0.1051
    0.1141    1.3031   -0.8594
   -0.0558   -1.2252    0.9148
    1.3478   -0.4844   -0.5626
   -1.0250   -0.4297    0.0284
   -1.9669   -0.7856   -0.5878
   -0.0652   -0.9037    0.2247
    1.0000   -0.8131   -1.8919
    0.0805    1.6915   -1.2838
   -0.7337    1.0470   -0.1192
    1.2253   -0.1266    0.2682
   -0.0797    1.0179    0.5643
   -0.5154   -0.6018   -0.4167
   -3.2933    0.3330   -0.6801
    0.7399   -0.2629   -0.1057
    0.2914   -0.5562    1.1743
   -1.4557   -0.5000   -0.4326
   -0.8801    1.2120   -1.2025
    1.5001   -1.0488   -1.7587
   -0.3266   -1.1470    2.1583
    1.5317   -0.0389   -1.6116
    0.7115    0.4861    0.5416
   -0.1566    0.0739   -0.4573
    0.4664   -0.0376    0.4993
    0.3349    0.2704    0.8748
   -0.3510   -0.2386   -0.1076
    0.3728   -0.2192   -0.9436
   -0.4516    0.6879    0.4145
   -0.0006   -0.8156    0.6783
    0.8692    3.9531    0.0618
   -0.8209    0.2295    0.1672
    0.7217    0.8349    1.3588
   -1.5722   -1.3776   -0.3790
    0.9019    1.9850    0.8767
    1.4366    0.0400   -1.4881
    1.4299    0.0899   -0.7954
    0.9099   -0.6842   -0.4319
   -0.6703    3.7484   -0.5128
    0.2436   -0.2060   -0.2043
    1.8563   -0.4999   -0.8734
    0.8841   -0.9652    0.5963
   -1.4046    1.3427   -1.7825
    0.5428    0.0071    0.5043
    0.6690    0.6997    0.1969
    0.0386    0.2008   -0.2099
    1.3014   -0.5305   -1.3812
   -2.0118    1.1345    0.5546
    0.0201    0.2318   -0.8886
    1.6546   -0.9704   -1.8093
    1.3147    1.0737    0.9949
    0.6058   -0.8147   -0.7236
   -3.3196    0.9247   -0.9321
    0.6434   -0.3185    0.3325
   -2.2102   -0.9500   -0.4722
    0.9798    0.0016    1.1326
    0.4477   -0.2218    1.4745
    0.2214   -2.3651   -0.3714
   -2.1248    0.9040   -1.7003
   -2.0216    0.3166   -2.0111
   -0.6421    0.1877    0.2090
    1.0297   -0.9089   -0.8934
    0.6797    4.4398   -3.4241
   -0.5138   -0.6875   -1.0212
    0.0603   -0.9687   -0.5807
    1.0053   -0.4333   -0.9241
    1.1238   -1.4933   -1.3825
   -0.6567   -0.9547    0.9932
    0.3286   -0.4398    0.4893
    1.1645    1.6704   -1.3581
   -0.7905    0.2188   -0.7622
    0.6300   -1.2316   -0.4505
   -1.2267    0.3172    0.0284
    0.6963   -0.6597    0.2677
    0.9785   -1.0502   -1.1530
    0.5613   -0.2407   -0.0407
    0.3315   -0.3470    0.3912
    0.2402   -0.8429   -1.0165
    0.1287    0.2043    0.0009
    0.7715   -1.1963   -0.5027
   -0.3836   -0.1404    1.2924
    0.8565   -0.2245    2.0533
    0.0885   -0.7436    0.4692
    0.0849   -0.5134   -0.5901
    0.6800    0.7932   -1.1673
    1.2216   -0.6054    2.0162
    1.0487   -0.1207   -0.6482
   -0.8647   -1.4857   -0.5789
    0.7332    0.1921    0.2984
   -0.7810   -0.5687    0.2273
   -0.2813   -0.0589    0.3249
    1.1436   -0.5800   -1.6557
    1.0098   -1.3675   -1.1590
   -0.0672   -0.5246   -0.5957
   -0.4753   -0.6947   -0.1527
    0.0353   -1.3377    0.1114
    0.3447   -0.2552   -0.1449
   -0.2002   -1.5310    1.4755
   -0.2988    1.1775   -0.5999
    0.9958   -0.8914   -0.1610
   -0.4093    0.1298    0.2911
   -0.3366   -0.1767    0.4866
    0.8162   -0.8286    0.9889
   -0.5183    0.2920   -0.9050
    0.3515    1.2572    1.0649
    0.7890    0.1203    0.9819
   -0.9915    1.4180    0.0170
   -1.2010    0.0530    0.4227
   -2.3281   -0.1263   -1.6538
   -1.2033    0.2128   -0.3428
    1.0648   -0.5182   -0.2645
    1.1733    0.1372   -0.1211
   -0.4445   -0.7564    1.5718
    1.3288    0.0253   -0.8468
    0.6272    0.9955    1.3976
    1.3601    0.0406    0.4148
   -0.5579    0.1817    1.3032
   -1.7255   -0.7536    1.9674
    0.3486    0.1634   -0.2386
    0.1358   -0.2371    0.9431
   -0.8330   -0.9446    2.1727
   -0.1612   -0.5915    1.0751
   -1.1235    1.7417    0.5122
   -1.1059   -1.3717   -1.0839
   -0.5601    0.7804    0.9884
   -0.2447    1.6074   -1.4024
   -0.4250    0.1063   -0.9070
   -0.5426    1.6275   -0.7047
    0.8534   -0.0007    0.6524
   -1.2933   -0.0247   -2.0667
    0.3085   -1.2794    0.2396
    1.0232    0.5945    0.8803
   -0.7265   -0.2640    0.8203
   -0.4455   -1.8540    0.2752
    1.2694   -0.1333   -1.0663
   -1.1094    1.8144   -1.6961
    0.4482   -0.3019    0.4337
    0.8604   -0.9953   -0.2769
   -0.0339   -0.7582   -0.1360
   -1.6862   -0.3225   -1.1771
    0.4159    0.6215    0.6143
    0.5448   -1.0512   -2.0723
   -2.1906    0.3443   -2.1987
   -0.9649    1.2632    0.9957
   -1.4971   -0.8184    0.1627
    0.1937    0.1051    1.3677
   -0.2889   -0.2636    0.9558
   -1.0154    1.0559    0.0610
   -0.0089    0.4035    2.1977
   -0.3587   -1.3405   -1.1373
    0.6901    0.5286    0.2372
    0.8403    1.8033   -0.2623
   -0.0711   -0.4402   -0.7918
   -1.9329    0.2637   -1.6584
    0.0017    0.4326    1.3238
   -0.6342    1.3963    1.0032
    0.6548   -0.1704    1.1435
   -1.1878   -0.6233    0.3817
   -0.0221    0.0186    1.1709
   -0.5388    1.1670    1.2482
   -0.1107    0.7809    0.8286
    0.4331   -0.6692    2.0552
    1.3162   -0.6285   -0.3628
   -1.0139   -0.4299    0.6034
   -0.2943    0.7422   -0.2877
    1.4979   -0.6871   -0.2575
    1.4409   -0.0062    0.1020
   -0.7339   -1.1635    1.6338
   -0.6950    0.1510   -0.5064
    0.1339    0.4438   -0.1076
    1.5361   -0.3500   -0.6127
    0.3134    1.4772   -0.9206
   -0.2637   -2.4194    0.9086
    1.2023   -0.3782   -1.5191
    0.1097   -1.6906    0.1365
   -0.3260    0.2230   -0.5128
    1.7716   -0.8173   -1.1815
   -0.2028    0.1572    0.8694
   -0.0619    0.2346    1.2603
    0.0154    0.0298    2.4319
   -0.0344    1.1549    1.8489
    0.1943    0.3635    0.0474
   -2.4634    0.1081    0.4216
    0.2336    0.3221   -0.4797
   -0.3496    0.4336    0.9455
   -1.4152   -0.3563   -0.8769
   -0.7696   -0.9874   -0.0228
    0.0860    1.8393   -0.3442
    0.2406   -0.2376    0.4885
    0.3880   -0.4475   -0.1874
   -0.3972   -0.6756   -0.4787
    0.7421    0.1418    0.5466
    0.8418    3.9206    0.1200
   -0.8023    0.8312   -0.1618
    0.9153    0.9240   -0.2934
    1.0870   -1.5316   -1.5310
    0.0344   -0.6354    0.1086
   -0.3195   -0.1128   -0.0251
    0.6102   -0.4069    0.1654
   -2.0421   -0.2384   -0.5228
    0.9095    0.1806    0.1890
   -0.4234    0.5106   -0.5867
    0.1049    0.3377    1.4941
   -1.5564   -0.5681    0.7860
   -0.1693    0.6355    0.6736
   -1.1748   -1.1193    0.6134
    0.1377   -0.7277    0.7575
   -0.2401   -2.6540   -0.6746
   -0.6851    1.3178    0.8875
   -0.1870   -1.1066   -0.4143
    0.2960   -0.6480   -0.8108
    1.0535    1.0407    0.9020
   -0.4814   -0.9411   -0.9065
   -0.5367   -0.8270    1.3043
   -0.4444   -0.5372    0.3325
   -0.3262    0.7490   -0.5517
    0.0488   -0.1423    0.6366
   -2.4986    0.9373   -1.4934
   -0.2881   -0.0038   -1.0851
   -0.4668   -1.3240    0.8726
    0.0657   -1.5168   -0.9397
   -0.1659   -0.6709    1.7492
    1.6448   -1.3432   -2.1925
    0.2327    0.2919    0.6084
    1.0784   -1.1767    0.9417
   -1.8601    0.2827   -1.1153
    1.7923   -1.1721   -0.9411
   -1.5088   -1.0271   -1.5294
    0.2795   -0.9260   -0.8587
   -0.2051    0.5800    0.6353
    0.0760    0.7841    0.7266
   -0.1237   -0.9913    0.3357
   -0.7893   -0.3363   -1.2702
   -1.1518    1.2752   -0.2810
    1.4764   -1.0943   -2.3482
    0.6322    0.2223    0.0168
    0.1380   -0.7632    0.4298
   -2.0062    0.3344   -0.5881
    0.2624   -2.3196   -0.5423
    0.6615   -0.8805   -1.4533
   -1.2649   -1.3331    0.8909
    0.9250    0.0964   -0.2202
   -0.8798    0.0156   -0.0988
    1.3109    0.2533   -1.2079
    0.7677   -1.2403   -0.7215
   -2.3354   -0.1185   -1.6677
   -0.0590    0.4175    0.0466
   -0.9803    1.3459   -1.7406
   -0.4603    0.4953    0.8946
   -2.2799   -0.3705   -1.2843
   -0.1705    0.6622    0.3009
    1.2353    0.7339    1.9008
   -1.8477    0.6316   -0.6229
    0.8727    0.4099   -0.0657
   -0.1612    0.0097    1.3816
    0.5221   -0.2186    0.6339
    0.0941    0.2786    1.6201
   -1.4492   -1.0866   -1.9473
   -0.4219   -1.0786    0.0217
    0.5789    0.0835    0.2107
   -0.9053    1.3719    1.4047
   -0.0218    1.2428   -0.6240
    0.2284   -0.2104   -1.6297
    1.0027    0.8640    0.0888
   -2.4061   -0.7303    0.2544
   -0.7524    0.3293   -0.2155
   -1.0919    2.2421    0.1594
   -2.1225   -0.7801    0.6659
    0.4945   -0.1551   -0.4250
   -0.7849   -0.9157    0.0134
    0.5884    0.9654   -0.2631
   -1.8725   -0.6181   -1.2087
    1.3279   -1.5578   -1.8946
    0.3266   -1.3948   -0.5010
    1.3862    0.1924   -0.1809
    0.6400    3.5222   -0.6242
    0.6817    0.7093   -1.0544
   -0.4859   -0.6730    0.3313
    0.5945   -0.8208   -0.4194
    1.0390   -0.5425   -0.1363
    0.0375    0.6664    1.5943
    0.1655    1.0786   -0.7150
    1.5493    0.2975   -0.5630
    0.8847    0.8612    1.0327
   -1.5009    0.5413   -1.2315
    0.5918    0.4668    1.7086
   -0.7171    0.9447    1.2551
    1.1760    0.5767   -0.2132
    1.1791    0.7686    0.5324
   -0.3800   -0.4444   -0.0677
   -0.2099   -1.4178    0.6990
    1.0352   -0.5347    0.1198
    1.3536   -0.1183   -0.2962
   -2.3583    1.2201   -1.8479
   -1.4813   -0.2042    0.1062
    0.3539    0.2683   -0.1852
    0.6435    0.9028    0.8835
    0.6053    0.1876    1.2447
   -0.7982   -0.3883    0.7126
   -1.9906   -0.9296    0.7371
    1.1788   -0.2005    0.6295
   -2.2578    1.1579   -0.4088
   -0.8454   -0.3637   -0.7998
   -0.3433   -1.5238    2.0810
    0.1884    1.4012    0.3990
    1.3260   -0.6971   -2.5423
   -0.5028   -0.0313    0.6463
   -0.1050   -0.8260    0.5212
    0.3309    0.0220    0.9268
   -0.1790    0.0476    1.1778
    0.5210    1.3806    1.1753
    0.1743   -0.4598    0.6528
   -1.0110   -0.4672   -0.8715
    0.3097   -1.6675    0.4200
   -0.8892   -0.9253    1.1010
   -0.5323    0.1668    0.2255
    0.3652   -1.1816    0.6819
    0.9480    0.0602    0.3085
   -0.4427    0.6450    1.0521
    0.2786   -1.4818    0.6735
    0.2816    0.4815    0.1831
    1.1749   -1.2002   -1.2833
    0.1637   -0.9123   -0.5121
    0.8191   -0.0023    0.5124
   -0.7388    0.2432   -0.0715
    1.0379   -0.9352   -0.6993
    0.1283   -0.5648    0.3317
    0.2732    0.1931    0.8217
    0.4106   -0.1829    0.9709
   -2.4899    0.2816   -1.1809
    0.1939    0.2411    0.8932
    0.1021    0.1762   -0.0773
   -0.2255    0.3170    0.6618
   -0.5667    0.7099   -0.5553
   -0.7906   -0.6238   -0.9983
    1.9701    0.9533   -0.2170
   -0.1984   -0.8615    0.4457
    0.8798   -0.3027   -1.3647
    0.5669   -2.2140   -0.9686
   -1.3030   -1.4737   -2.5565
    1.3823   -0.6786   -1.2326
   -0.1803    0.1482    1.0579
    0.8129   -0.9660   -0.9262
   -0.0525   -1.8727   -0.7863
   -0.0981   -0.1690   -0.4387
    0.7204   -0.4653   -0.0043
    0.7591    0.0584    0.0815
    0.4363    0.3151   -0.8248
    0.4777    0.5877    1.3403
    0.5084    0.5176    0.4985
    0.7534    1.0026    1.6247
    0.0613    0.6037   -0.6571
   -0.6430    0.1544   -0.8869
   -0.0104   -1.1164   -0.2128
    1.0242   -0.4402   -1.5290
    0.6494    2.8879   -0.8355
    0.1815    4.2143   -0.7547
   -2.1467    0.3630   -0.9585
   -0.8082   -0.9517    0.7812
    0.0502   -0.3281    1.1355
   -0.1206   -1.6713    1.1782
   -0.3887   -0.9713    2.0679
   -0.4966   -0.6554    0.0481
    0.6061   -1.1753   -0.8706
    1.3510    0.0753   -1.1139
   -0.3077   -0.3379    0.2808
    0.5440   -1.7966   -0.5802
    1.0403    1.0343    1.2411
    0.1181   -0.3156    0.6192
   -1.1092    0.3945    1.1158
    0.4261    0.3816    2.0025
    0.1875   -0.2255   -0.2131
   -2.2769    0.1440   -0.7197
   -1.9585    0.3890    0.1812
   -1.1719   -1.0212   -0.1914
    1.3016   -0.8949   -1.3276
    0.3212   -0.4621   -0.1302
    0.9017   -0.6256   -0.1089
    1.6801   -0.5078   -0.4350
    1.7092   -0.5000   -0.3908
    1.0901   -0.9067    0.0962
   -1.5970   -1.1398    0.7574
   -1.6797    0.7524   -0.3636
   -0.7820   -1.1528   -0.0261
    1.3663   -1.1901   -1.5183
   -1.0030    0.2777   -1.9762
   -0.1062    0.3454    0.4110
   -0.2501    0.5334    0.1636
   -0.4570    0.4428    0.1322
    0.6411    5.0333   -3.5993
    1.5508    0.3500   -1.9198
    0.4515    1.5663   -1.0808
    0.0377    0.7997    1.4038
    0.0577    0.3347    0.9990
    0.3735    0.7695   -0.0797
   -1.1005    0.7485    0.3801
    0.4975    2.3901   -0.3384
   -0.5578    0.1714   -0.1465
    0.6676   -0.8595    0.5321
    0.8364    1.7876    1.4379
   -1.3707   -1.6764    0.0149
