 -2.1217   -1.6820    1.2235
   -0.1425    0.9443   -0.7523
    0.2518   -0.5956    0.5913
   -0.9642   -0.2150   -0.5196
   -1.0822    0.9208    1.4165
   -2.2242   -1.2821    1.3223
    0.1661    1.4836   -0.4948
    1.0775   -1.5881    0.9427
    1.7723    1.3987    2.0849
    1.7311   -1.4088    0.7774
    1.4755   -0.3360   -1.2273
   -1.7875    1.0542    2.6328
   -1.0228    0.9947   -0.0745
    0.6773    0.2085    0.5670
    1.4803   -0.2270    0.0178
   -0.1416   -0.1730   -0.1934
   -0.2393    0.4109    0.3456
   -0.2892    1.1797   -1.8515
   -0.8201   -0.0260   -0.2398
    0.7083    1.3689    0.7460
    0.1164   -0.3592    0.2784
    1.8638   -0.6797   -0.2154
    0.5742    0.6029   -2.1774
    1.6548    1.4256   -1.3288
   -0.6895   -0.7418    0.5642
    0.5804   -0.4985   -0.7955
    0.7223   -0.2850   -0.0981
   -0.3297   -0.5877    1.3407
    0.1055    0.5115   -0.2197
   -0.1299   -0.5813    0.0404
    0.5480   -0.6674   -0.5912
    0.6387   -0.2449    1.0227
    1.7018   -0.5648    0.7783
   -0.3559   -0.7025    0.1656
   -0.1017   -1.8485   -0.0503
    0.2869   -1.2158    0.1875
    1.1481    0.5254   -0.7337
    0.6107   -0.4657    1.2008
   -1.4450   -0.9550   -1.6587
    0.9986   -1.3642   -0.5757
   -0.4739   -1.3437   -0.0446
   -1.0360    0.9626   -0.0670
   -0.5766    0.4056   -0.3773
   -0.4942   -0.6868    0.8534
    0.4527    0.5639   -0.9522
    0.2175    2.6002   -0.4548
   -0.3954    0.5941   -1.5968
   -0.3039    0.2647   -0.9114
    1.5875    0.9997   -0.4484
    0.6577   -1.3551   -0.7454
    1.1785   -0.2070   -0.7228
    0.4382   -0.3881   -0.9384
   -0.5686   -0.5466   -0.2314
    0.0641   -0.8968    0.5407
    1.6181    1.6021    1.3165
    1.0244    0.5790   -0.8779
    1.0456    0.2525    0.3220
   -0.6150   -0.2363   -1.5916
   -0.8055   -0.3478    0.6687
   -0.8865    1.4865    0.1452
   -1.0519    0.2667   -1.0178
   -1.0447    0.7836   -0.4489
    0.3972    0.9618   -0.8687
    1.2946   -0.2401    0.3718
   -0.6379   -0.0956    0.2756
    0.4621   -0.4507   -0.6019
   -0.3693   -0.5391    0.5476
    0.3529   -1.1107   -0.9196
    0.7397    2.0705    1.4264
   -0.3593    0.9465    0.1971
    1.3271    0.1006   -0.5555
   -0.1540   -0.8503    0.8170
    0.7315   -1.4809    0.1254
   -1.4170    0.8396   -0.6842
   -0.8677   -1.2622    0.3500
    0.6544   -0.4642   -0.6775
    0.1560    0.8352    0.1935
    0.0936    0.5910   -0.8093
    0.8140   -0.2082    0.7340
    0.1283    0.8052   -0.9373
    0.4847    0.0207   -0.8644
   -0.2994    0.3390    1.3374
    0.6048   -0.5985   -0.5955
   -0.0332    0.5791   -0.1280
   -0.8265    0.0039    0.0457
    2.3653    1.5876    0.8507
   -0.1691    0.5243   -0.5437
   -1.0120   -1.0715    1.7607
    1.5521   -1.0511   -0.8960
    0.9286   -1.9417   -0.5622
   -0.3055    0.7825   -1.3939
    0.7234    2.4745    0.2137
    0.6994    0.4263   -0.6957
    0.8125    1.1356    0.6856
   -0.3055    1.3026    0.0882
    0.5507    0.1261   -0.5410
    1.5335   -0.1781    0.4734
    0.6111   -1.4967   -1.4111
    0.4637   -0.0066   -1.2007
    0.9647   -0.5931    0.5206
    1.1664    0.8926    1.1757
   -1.4100    0.9931    0.5817
    0.0795    1.3957    0.0679
   -1.4697   -0.3087    0.2639
   -0.2209   -1.6351    0.2011
    0.6872    0.4731    0.6367
    1.1073   -0.7982   -0.6142
   -0.0658   -0.7517    0.7298
    0.2743    1.0534    0.4606
    1.1651    1.0292    0.1588
    0.2676   -0.8605    0.7648
   -0.2729   -0.3434   -0.1599
   -1.4773    0.3432    0.3647
    0.7756   -0.1634    0.2084
    1.3733   -0.2093    1.8581
    1.4094    1.3503    2.5494
   -0.6999    0.6562   -0.9271
    0.0724    0.0714   -1.1818
    0.3457   -0.5154   -0.4626
   -1.4196    1.1139   -0.7222
   -0.2376   -0.0152   -0.5169
   -1.3777   -0.4453   -0.6161
   -0.0065   -0.5948    0.0384
   -1.7722    0.0208    0.0498
    0.7194   -0.3441    0.3958
    1.4627   -1.0705   -0.0981
    0.8049   -0.5463   -1.1297
    0.2840    1.1054    0.1364
   -1.1437   -0.9083    0.9635
    2.3464    2.3442   -1.1596
    0.1528   -0.5334    0.1847
   -0.4929    1.7884    1.1464
    0.1169   -1.0137    0.1272
    1.3863   -0.8013    1.5788
   -0.5419   -0.2373    1.9287
   -0.7200   -0.0069    0.1118
   -0.3233    0.0737   -0.0612
    0.3304   -1.2129   -0.4993
   -0.4198    2.0024   -2.3974
   -1.4239    2.0284   -0.1338
    1.9104   -0.1980    0.2912
    1.2141    0.5905    0.6352
    0.4991   -0.6298   -0.6610
    0.4779    0.3109   -2.3332
   -0.4732    1.4518   -0.4866
    0.5555    2.2884   -0.9689
    1.1456   -0.7255    0.2344
   -1.2145   -0.7700   -0.5679
   -1.7479    0.8734    2.1333
   -0.3492   -0.4251    0.5014
   -1.0426    1.0232   -0.4316
   -0.2355    0.7473   -1.2264
    0.7008    0.8779   -1.3045
    0.8732    0.4423    0.0245
   -0.9902    0.1870   -0.7786
   -1.0307    1.0945    0.2524
    1.2229    0.8026   -1.1660
    0.7332   -0.9570    1.6214
    1.9100    1.9998    1.2449
    0.2001   -0.6554    0.5812
   -0.7777    1.3199   -0.5778
    0.1698    1.4152   -0.1661
   -0.2183   -0.7238    1.0160
   -0.0473    0.1918   -1.5921
    1.1946    0.1692   -0.7203
    0.1863    0.0095   -0.0103
   -0.4739    1.1654    0.4708
   -0.6748   -0.3477    2.9137
   -1.1170   -0.3330    0.5394
    1.4258   -0.2728   -0.9323
   -2.0288    0.2528    1.4571
   -1.6442    0.1314   -0.1638
    1.4048   -1.4025   -0.1189
    0.4188   -0.4007    0.7104
    0.2635    0.0622   -0.2688
    0.6683   -0.7962    0.1840
    1.8922   -0.5251    0.8735
    1.5681    2.3284    2.0496
    0.1498   -0.9323   -0.1610
    0.3408   -0.2332   -0.2482
    0.6130    1.1481    1.6117
    0.3830    0.7272    2.2151
   -0.9470    0.0499    1.2214
   -0.6630    0.3145   -0.3773
    0.6813   -0.4722   -0.5060
   -0.2884   -1.7763   -0.3048
   -0.5368   -0.7370    1.3168
    1.0376   -0.2456    0.4359
    1.3961   -1.4201    1.0645
   -0.1270   -1.0223    0.3556
   -0.7813   -0.6193   -1.5002
   -0.6947    0.7598   -0.2686
   -0.8385    0.2723    0.6096
    2.0884    2.2243    1.7011
   -0.9572    2.0034   -1.2117
   -1.5119   -0.3481    4.3096
    0.8429   -0.9019   -1.1992
   -0.9679   -1.3825    0.6664
   -0.9520    0.8602   -1.5534
    1.3163    0.5712    1.7608
   -0.4868    1.9167    0.2607
    2.0816    1.7820    1.9554
    0.2094   -1.9921   -0.7779
    0.3925   -0.3798    0.2525
   -1.4194    0.7894    1.0856
   -0.3402    1.0429   -0.0617
   -1.4168    1.4356   -1.2771
    1.6411   -0.4148   -0.6239
    1.0769   -0.5858   -1.2752
   -1.6902   -0.0093    0.8843
    1.9235   -1.0703   -0.4713
    0.9058    0.7517   -1.3338
   -1.1995    2.4986    0.2811
    1.0304   -0.8106   -0.7602
    0.4703   -0.2554   -0.2018
    0.8067    0.0680   -0.0398
   -1.4246    0.4684   -0.3916
    0.8274   -0.7322   -1.4893
   -0.4974   -0.4122   -1.3857
   -0.3259   -1.5368   -0.5945
   -0.8697    0.5329    1.0076
   -0.7168    0.5378    0.2193
    0.3869    0.2220   -1.8032
   -1.4582    0.7673    0.0770
    0.2874   -1.1667   -0.4148
    1.2957    0.4523    2.6723
    1.2664    0.3474   -0.3388
   -0.4680    0.3858    1.5701
    1.4346   -2.1115    0.9601
    0.5006   -0.5311    0.5066
   -0.3681    2.0586   -0.0080
    0.3584   -0.7072   -0.1144
   -0.4911   -0.5985    0.5905
    0.9225    0.1346    1.2831
    0.1403    0.3795   -1.2106
   -0.8156   -0.1212   -1.3952
   -0.6026    1.0198   -0.9496
    1.0495   -0.0223    0.3864
    0.9697   -2.0662    0.5332
    0.0161    0.3128   -0.3428
    0.0519    0.3969    1.1635
    2.2652    1.1232    0.7732
   -1.1891   -0.4976    0.5141
    0.1899    0.9612    0.0923
    2.2707    1.1386    3.2648
    1.1555   -1.1343    0.1114
   -1.2631    0.5314   -1.2448
    0.4221   -0.1284   -0.3753
   -1.0580    0.8282    0.4631
   -0.3398    0.5165   -1.0539
   -0.0859   -0.2473    0.2971
    0.3541   -0.0703   -0.4621
    1.1591   -0.7910    0.3587
    1.2155   -1.0227    0.8166
   -0.5836    1.9615   -0.8149
   -0.2823    0.5818   -1.1305
   -1.0793   -0.5282   -0.5196
    0.3027   -0.0414   -0.4302
   -0.9818    2.2699   -1.6800
   -1.2699   -0.3601    0.2703
    1.9028   -0.1572    1.4873
   -0.0449   -0.4682    0.4580
   -1.6434    1.6818   -0.1332
    0.8072    1.0805   -0.3225
    1.4751    1.1746   -1.4617
    0.6207   -1.3737   -0.0686
   -0.2302   -0.2015   -2.3906
    0.1142   -0.9357    0.5522
    0.9481    0.2969    0.0995
   -0.7239    0.4778    0.3478
   -0.6968    0.7245   -1.9685
   -0.6150   -0.1497   -0.8693
   -0.6258   -1.1234   -0.6817
   -1.9362    0.7938   -0.4465
   -0.7962    0.6204    0.2800
   -1.9592    0.4229    0.7404
   -1.3003   -0.4701    1.7803
   -1.1808    0.7170   -2.2831
   -0.9519    0.3299   -0.0002
    0.9060   -0.5309    0.2941
   -0.6506    1.6836   -0.4852
   -0.3142    1.4876    0.3113
   -0.3218    0.8954    0.1899
    1.3615   -0.3061   -0.0312
    0.0160   -0.6089   -2.2235
   -1.8970   -0.6644   -1.0112
    1.1215    0.4943   -0.2638
   -0.1601   -0.4104   -0.0894
    1.3130   -1.8694   -0.1923
   -0.5860    0.4752    0.3227
    0.4181    0.6850   -2.2630
   -0.4436   -0.5221   -0.5163
   -0.2067    0.6525   -1.3075
    0.6099   -0.8347   -0.0315
   -0.8111    0.5713   -0.2262
   -1.3323    2.5313   -0.2167
    0.8277    0.9135    0.1104
    0.5875   -1.0505   -1.2161
   -0.9943    2.2236    0.4659
    0.7588    0.9540   -0.4335
    1.2103    0.8859    0.9176
   -0.8074    0.7683    0.1816
   -0.5833    0.0316   -1.0703
   -1.5441   -0.7544    1.1883
   -1.3651   -0.9357    1.8944
   -0.0314    0.2647   -2.6203
    0.5882   -1.1482    0.0244
    0.6009    0.1846   -1.4439
    0.3988   -1.4763   -0.3502
   -0.3418   -0.1565    0.7249
    0.5651   -0.9840   -1.6827
    1.3235   -1.3339   -1.0554
    0.4526   -0.4761   -0.1520
    1.2657    0.2463   -0.0395
   -0.6970    1.0788   -0.7586
    0.4227   -0.5614    0.7673
    2.3285    2.5261    1.0387
    1.4516    0.2553   -0.5462
   -0.5163   -1.7966    0.0981
    1.0655   -0.2390   -0.0657
    1.3036   -0.2655    0.6380
    0.2442    1.5146    0.1980
   -1.0521   -0.8275   -2.3117
    0.1226   -1.2293   -0.1069
   -0.6546    0.1182    0.4921
   -0.8466    1.4353   -1.3641
    0.1923    0.4497    0.0481
   -0.3264    0.4111   -0.7961
    0.4250   -0.8239    0.7638
   -1.3619   -0.1790   -0.4466
    1.6545   -0.3133   -1.3782
    0.5378    0.7792   -1.0770
    1.1017    1.7451    0.6956
    0.2897   -2.1268    0.1047
   -1.9100   -0.1428    0.1825
   -0.5272   -1.7440    0.2973
    0.4507   -1.6604    0.3324
   -0.7654    0.2385    0.4229
    1.8340    1.8845    0.8991
   -0.7642   -0.0078    0.5428
   -0.2238    0.1430   -1.3006
    0.1914    1.7772    1.0761
   -0.1665   -1.3364    0.1641
   -1.4781    0.4121    0.9009
    0.5644   -0.2165    0.0010
   -0.1886   -1.1153    1.5118
   -1.5318    0.9412    0.7927
    0.1557    0.7820    0.2513
   -0.3781   -1.4479    0.1352
   -1.1602   -0.4323   -0.1729
    1.9296    1.3698   -1.4518
   -0.2124   -0.2388   -0.6667
   -0.4974    0.5433    0.3874
   -1.0611   -0.1569   -0.0218
   -0.5755   -0.6360   -0.3583
    0.0127   -0.3659    0.8961
   -0.5674   -0.8677   -0.0585
    1.6865   -0.7038    0.3893
    1.6700    0.1586   -0.7136
   -0.3621    0.2582   -1.3414
    1.3799    0.1874   -0.3220
   -1.7939   -0.8292    0.1872
    0.3096   -0.7721    0.0928
    1.3774    0.1913   -0.5946
   -1.3665    1.5753   -2.3645
    0.8391   -1.1809   -0.6937
   -0.5715    0.6410   -0.0482
    0.4344    2.2633    1.3404
   -1.1735    0.0364   -1.3610
   -0.9624    0.2696   -0.6893
   -0.0451   -1.8800    0.7232
   -0.4781    0.6686   -1.9282
   -0.5201   -1.1174   -0.3777
    0.3892   -1.6516   -1.1359
    0.6047    1.9577   -1.1656
    1.3238   -1.4167   -1.6937
    1.1987    1.7111    1.7580
   -1.2233    0.2249    0.3198
    0.6999    1.7743    1.3796
    0.7454    0.5303    0.3781
   -0.3226   -1.4037   -0.5817
   -0.2362    1.2049    0.7953
   -1.5926   -0.3405   -0.4587
   -0.7044   -0.5079    0.1524
   -0.5733    0.0398    0.5090
   -0.3292   -0.2467   -0.3374
   -0.2494   -0.2064    1.1159
    0.0894   -0.9047   -1.5247
    0.1313   -1.8113    1.1521
    1.3763    1.2283   -1.5736
   -1.8979   -0.9134    0.3517
    0.4387    0.2860   -0.2559
   -0.5920    0.6761   -0.6343
   -0.9362    0.0446    0.4846
   -0.0483    1.4725   -1.3151
   -2.3313   -1.2184   -0.3484
   -1.0534   -0.7482    0.4312
   -0.4241    1.3667   -0.8157
   -0.9965   -0.7820    0.3927
    1.3565   -0.2591   -0.1125
    1.6609   -1.8126    1.2447
   -0.0513   -1.8196    0.7229
   -1.2205    0.2987   -0.4187
   -1.3639   -0.2692    0.3956
   -0.6869    0.6759   -0.9141
    0.3147   -2.4366    1.0481
   -0.0497   -0.7945    2.3270
   -0.0331   -0.6624   -0.5301
    1.5964    0.8359    1.4762
    0.3426    1.2127   -0.9358
   -1.3897   -0.0366    1.3880
    0.6896   -0.0996   -0.4186
    1.3294   -0.8921   -0.8788
   -1.1168    0.0367    0.7863
    0.8775   -0.0156    0.0909
    1.0391   -2.1200    0.7402
    1.3948    0.0692   -0.7540
   -1.5219   -0.1944    0.5311
    0.8061   -1.0133   -2.5162
    1.7346    0.7068   -0.2256
    0.8237    0.2940   -0.4433
    0.5477   -1.2072   -0.6094
    1.7027   -0.5001    0.9978
    0.4493   -0.7983   -1.3267
    1.6526   -1.2301    0.4140
   -0.6162    0.4177   -0.7933
   -0.6569    1.0949   -0.3964
   -0.5077   -1.3453    0.2171
   -0.4132   -1.5330   -0.5642
    1.4684    1.0829   -1.0974
   -0.3298   -1.4068   -0.9264
    0.4931    0.6635    0.6682
   -0.1121   -0.7161    0.4643
    1.1248   -0.2161    0.8203
    1.4345   -1.3767   -1.1394
   -0.6164    1.1135    0.6644
   -0.2760    0.8551    0.5828
    0.4678    1.9065    1.0571
    1.0969   -0.4453    1.9461
   -0.1663    0.7822   -0.9191
   -0.3804    0.5229    1.0513
    1.4183   -0.8534    0.2686
   -1.0498    1.5398   -0.1752
   -0.6101    1.3328   -0.1322
    0.2960    1.4054    1.2607
   -0.2493   -1.4569   -0.3206
   -0.8264   -0.2083   -1.9951
   -0.9398    0.5281    3.8353
    1.4033    0.5529    0.0613
   -0.7395    0.6625   -0.5197
   -1.2898    1.7879   -1.3873
   -0.4627    0.5567   -1.6299
   -0.8837   -1.1161    0.2145
   -0.5159   -0.5778   -0.4891
    0.2782    1.0718   -0.9641
   -0.8721    1.2912   -0.8906
   -1.7161   -0.2283    1.0843
   -0.0776    1.8465    0.0122
   -0.7303   -0.2119    0.0770
   -1.6613   -0.2484   -0.6391
   -1.5624   -0.5558    0.2253
    0.2372   -1.5955   -0.6239
    0.0810   -0.7958   -0.0225
    1.1673   -0.5039    0.4206
    0.2593   -1.5248    0.8560
    0.6560   -0.6381   -0.4246
    2.1556    2.0295   -0.1502
    0.5371   -2.4250   -0.3531
   -0.1270   -1.7607   -0.0840
    0.8413   -0.9373    0.3890
   -0.2847   -1.2709   -1.0575
    2.2371   -0.6172    1.6296
   -1.0758   -0.5294   -0.6762
   -0.4865   -0.0468    0.2756
   -0.3112    0.2692   -0.1603
   -0.4240    0.7776    0.7404
    0.7198   -0.6529    0.2125
    0.8037    0.6322   -0.1887
   -1.1235   -0.8341    0.1335
   -0.4628    0.2731   -0.6894
   -2.0443    0.4557   -1.1762
    1.0816    0.2713    0.2172
    1.0341   -0.9808    0.4744
    0.2700   -0.1403   -1.5208
   -0.7601   -1.0345   -1.0215
   -1.6603   -1.0129    1.4459
   -1.0128   -0.1894    0.7331
   -0.1010    0.2334   -0.5411
    0.4590   -1.4877   -0.2787
    0.3010   -1.4616   -0.0576
   -1.0543    0.9786    0.5767
    0.2729   -2.1345    0.1068
   -0.9025   -1.7335   -0.1019
    1.1573   -0.4500    1.4647
    0.9062    0.2459    0.1931
   -0.6123    1.5597   -1.9995
    0.2290   -1.5741   -0.4687
   -0.2235   -1.2535   -1.9330
   -0.0273   -0.6462    0.7073
    1.9433    0.9017    1.0175
    1.0140    0.5929    1.3927
   -0.0256   -0.8251   -0.3869
   -0.7497   -0.8356   -0.5853
   -0.5646    0.1144   -1.0258
   -0.7959   -0.8528    1.8820
   -1.5027    0.4268    0.4622
    0.4191    1.2611    0.2788
    2.1569    0.2025    1.9390
    1.0215   -1.4416    1.0226
    0.6819   -0.7202   -0.6618
   -0.0098    0.1350   -1.9046
   -1.4334    0.6426   -0.4069
   -0.3275   -0.6605    0.5799
   -0.7098   -0.7958    0.1396
   -0.1934    0.9562    1.6770
    0.1726    0.6534    1.6552
    0.2689    0.0666    0.9105
    1.2091    0.7764    0.7213
    0.7672   -0.8074   -0.8035
   -1.0177   -0.2597    0.0917
    1.6470    0.1611    0.1910
   -1.4209    0.4263   -0.0190
    1.0163   -1.3236   -0.7792
   -0.8252   -0.1161    0.8807
   -1.0423   -1.3871    0.0399
   -1.2255    0.0384    2.2436
   -0.0706   -1.2108   -0.5052
   -0.4707    0.3114   -0.6903
   -1.0669    0.2303   -0.4696
    0.1710    0.4318    0.4556
   -0.2647   -0.0394   -0.3882
    0.7486   -0.4223    0.1703
    2.0844    1.8626   -0.7427
    1.3227    1.2334   -1.1067
   -1.5170    0.2388    2.1982
   -1.1843   -1.8240   -0.6081
    1.5285    0.0588    0.8663
   -0.9165    0.5195   -0.4382
    0.7102   -1.6602   -0.1693
    0.3735    0.0306   -0.0946
    0.1096   -0.6287    0.6658
   -1.3408   -1.7153   -0.6062
   -0.2629    0.4875   -1.5165
   -0.4724    0.4958   -0.3695
   -0.4688   -0.7619   -0.6442
    0.1710   -0.7602   -0.3818
   -0.8906    0.3016    0.1977
   -0.3332    0.9568   -0.9003
   -0.0624    1.1316    0.7344
   -0.0946   -1.6228   -0.5875
   -0.2519    1.0133   -0.5177
    0.0306    0.3945   -0.3184
   -0.9225   -0.7688   -0.5423
    0.0202   -0.7086   -0.0948
   -1.1343    0.0822    1.9201
    0.5294   -1.7542   -1.0161
   -1.4694    0.1173    0.0102
    1.1506   -1.5716    0.0481
   -1.2924    0.8649   -0.0956
   -1.6071   -1.6255    0.9624
   -1.1181   -0.4349   -0.3134
   -0.3950   -1.8897   -0.5178
    0.6986    0.1818    0.3186
    1.0537   -1.7219    0.1191
    1.4753    0.2656   -0.4703
   -0.0649   -1.8273    0.4008
    0.6814   -0.4567   -0.1451
   -0.4376    0.3902   -0.1030
   -1.1584    2.5749    0.0235
   -0.0082   -0.1369   -2.0207
   -1.2470    0.0204    0.9513
   -1.9033   -0.4223   -0.3833
    0.2227   -0.0143    0.2226
    0.6572    1.2006    0.6106
   -0.9301    0.7409   -0.5340
    0.0803   -1.5272   -1.9780
    0.3357    0.9918   -2.6084
   -1.2396   -0.6977    3.2497
   -1.2653   -0.1735   -0.0622
    0.9436   -0.6065   -0.1603
    0.0552    0.7145   -0.2715
    0.4728   -0.5005    0.3312
    0.4035    0.7208   -0.3142
    0.4807   -0.7582    0.1637
    0.4410    0.0552    0.0899
    0.0611    0.5597   -0.6310
    1.1957   -1.2746   -0.7589
    0.9837    0.4074    0.7513
   -0.6587   -0.2101    0.4447
   -0.7426    0.3722   -1.0328
   -1.6900    0.0753    3.8492
   -0.6385   -1.1452   -1.0167
    1.7332   -1.2416    0.2666
   -0.9834    0.7502    0.5078
   -2.1597   -0.4786    0.6070
    0.0885    1.1204    1.2895
    1.5812    0.0470   -0.8926
   -1.3264   -0.3127    0.0457
    0.6816   -1.2346    0.6095
    0.3895   -0.2997    1.2179
   -1.2289    1.5197   -0.7846
    0.9175    0.2304    1.0172
    0.4053   -1.0279   -0.4571
   -1.0757    0.5431   -1.6097
    0.0177   -0.3893   -0.4878
   -0.9124    0.1630    0.4063
   -1.7958   -1.0735    0.3008
   -1.2385    0.9746   -0.5398
   -1.4036    0.3486    4.4679
    0.2494   -0.7649   -0.8813
   -0.6692    0.8366   -0.8638
   -0.3682    0.3543    0.3359
    1.6932   -0.0085    0.5101
   -0.3769   -0.1450    0.5818
   -0.8944   -0.6190    1.2931
    0.2061    0.8916   -1.0745
   -0.2646   -0.1069    0.4246
   -0.7983   -0.0415   -0.7449
   -0.6079   -0.1346   -0.3343
    1.6160    1.5426    2.4648
    0.4637   -0.1052   -0.8640
    0.0357    0.6651    0.1597
    2.1317    2.6250   -0.8218
   -0.5925    0.7776   -1.2184
    0.7321    1.1129    1.0937
   -0.4064    0.1242    1.6617
   -1.9730   -0.0757   -0.0111
    0.9032   -1.0627    0.2245
    0.4469   -0.4408    0.1767
    0.9138    0.1625    0.3750
   -0.7675    2.3010    2.5008
    1.1856    0.6041    1.1136
   -2.3865   -0.7312    2.3273
   -0.6509    2.6984   -1.5062
   -1.4465   -1.9671    0.9129
    0.4572   -0.4874   -1.1870
    1.3471   -1.0965    0.9570
    0.1225   -1.4994    1.4159
    0.9857   -1.5191    0.8484
    0.3175   -0.7172   -0.7310
    0.9335    0.4165   -0.2603
    1.7458    0.2485    0.6231
   -0.8195    2.0588   -1.0371
    0.9446    0.9337    0.3001
   -0.0164    0.2231    0.2107
   -1.2502    0.0701   -0.9514
   -0.8050   -0.0134    0.2110
    0.4060    0.1438   -1.0167
    0.3991   -0.4506   -0.3275
    0.4208   -0.7847    0.7102
   -0.9766    1.3432   -0.4525
   -1.0043    0.2040   -0.4330
    0.8228   -0.2832   -0.7488
   -0.1187   -0.7733    0.4998
   -0.4999    1.7303   -0.8122
   -0.4039    0.2389    2.7962
    0.6996   -0.2503    0.4432
   -0.1644   -1.1280    1.2079
    0.6365    0.7122    1.0413
   -1.2479   -0.0340   -0.0721
    1.1224   -0.4408    0.5019
    0.5740   -0.4663    1.6468
    0.7063    0.6610    0.1481
   -0.2570    0.4529   -0.4548
    0.3975    1.3730   -1.3601
    0.7311    0.0716    1.7228
    0.3292   -0.7469   -0.2465
   -0.3008    0.5708   -0.2986
    0.0321    0.1747    0.3157
   -1.7045   -0.0614    1.3748
    0.9440   -1.0156   -1.7877
    1.0999   -0.1787   -1.3570
   -2.2045    0.9610   -0.8033
    0.8217   -0.8691   -0.3101
   -1.8658   -0.0382    0.5783
   -1.3045    0.1775   -0.0863
   -1.0974    0.5918    0.3284
    0.8799    0.1894    0.7477
   -0.9227    0.1968    0.9688
    0.8447   -0.6609   -0.0043
    0.4613   -1.1296   -1.0205
   -1.5801   -0.0980   -1.9891
   -0.0537    0.8527    0.7053
    0.2795   -1.2642   -0.9536
    0.4028    0.6279    1.0997
    0.4058    0.5499    2.5347
    1.8921    1.1903    0.8462
   -0.0050   -1.1628   -1.3083
   -0.4116    0.6979   -1.3632
    0.5339    1.6430   -0.9300
   -0.0348    0.1117    0.2350
   -0.5797   -1.1989    0.6967
   -0.2275    0.8877   -1.8852
    2.0244   -1.2690    0.2922
   -1.1744   -0.4682    1.4413
   -1.1016    0.2172   -0.8924
    0.9511   -0.8277    0.5483
   -0.1627   -0.7798    0.0547
    1.1016   -0.4467    1.2887
    0.2896   -0.6926    0.7251
   -0.6659   -1.1866   -0.3803
    0.9630    0.4821   -0.2080
    0.7123    0.8472   -0.8520
   -0.7822    1.9066    1.7459
    1.2482   -0.9784   -0.0113
   -0.7760   -0.2312   -0.0708
   -1.9347   -1.0388    0.2542
    0.3679   -1.5102    1.5920
   -0.5741    1.2272   -0.8350
    0.2664    0.3941    0.8673
    0.5560   -0.0158   -1.7046
   -0.4608   -1.5625   -1.2099
   -0.9013   -0.8703    0.7338
    0.0301    0.7566    0.9225
    0.2995   -0.7347    0.6739
    0.6686    0.9586   -1.3931
   -1.0365   -0.8084   -0.0151
    1.8791   -1.3977    0.2306
    0.6234    1.0787   -0.3736
    0.6238   -0.6353    0.1392
   -1.4387    0.6235    0.1563
    1.4898    0.9225   -0.2162
    1.6829   -0.9838    0.8286
    2.4272    3.0154    2.9696
   -0.6111   -1.1394    0.5098
    2.4290    1.4920    0.5643
    0.0343    0.9628    0.5379
    0.7997   -1.5250    0.0764
   -0.8050   -0.2831    0.3494
   -0.0828    2.0488    0.5192
   -1.6102   -0.8546    2.1811
    0.9489   -1.5119    0.4216
    0.9224    0.7960   -0.9534
   -0.4148    0.6222   -0.5680
   -0.4095    0.3013    0.2417
    0.3170    0.2266   -0.0645
    0.1920    0.9304   -0.3239
   -1.7248   -0.6279    0.2392
   -2.1193    0.4122    0.1174
   -1.8170    0.7263   -1.0648
    0.5019   -1.4809   -0.6334
    0.0692   -0.7629   -0.7356
   -1.2139   -1.1626   -0.0291
   -0.8488    0.7267   -0.2744
   -0.9147   -0.6956   -0.5164
   -0.5607   -0.1880    0.0227
   -0.5925    0.1794   -2.1394
    1.3191   -1.5407   -1.3185
   -0.9893   -0.2394   -0.3713
   -0.9022    1.1724    1.0416
   -0.2650    1.0316    0.6133
    1.6807   -0.3452    0.6234
   -1.2328    0.8818    0.8483
   -1.5338   -0.1798    0.3920
   -0.0417    0.5967    0.1402
    0.3292    0.3069   -0.1365
   -0.1230    2.4136    0.1237
    1.6152   -2.0127    0.1367
   -1.5774   -0.0131    0.8831
    0.6195    0.7993    0.1386
   -1.1541    1.5334   -0.9860
    1.1263    1.0282   -0.9029
   -0.8159    2.1516   -1.2505
   -0.2371   -0.7313   -0.2892
    1.6760   -0.2325    1.7174
    0.3248   -0.0178   -0.5363
    0.0733    1.0185    0.5657
   -2.0048   -0.6563   -0.8626
    0.4418   -0.6168   -1.0508
    0.0757   -1.3431    0.3373
    0.3549    0.5989   -0.3217
    0.4294    1.7792    0.1601
    1.2427    1.0091   -0.7433
   -0.5778   -0.1064    0.1918
   -1.2661   -0.1429   -0.8156
   -0.4794    0.1155   -1.2535
   -0.7317    0.9648   -0.2564
    0.4402   -0.7280   -0.8187
    0.0645   -1.3278    0.1817
    0.2090    0.0099    0.2795
    0.2240   -0.8697   -1.4118
   -0.0156    0.3105    0.5246
   -1.1151   -0.6107    0.0950
    0.6019    0.4796   -0.4245
    1.4871    0.9079   -0.2278
    0.0613   -0.5745    1.0659
   -1.3181   -0.9603    1.3902
   -1.2814   -0.5496   -0.8678
    0.8224   -0.4814    0.2473
    1.3330   -0.7662   -1.1758
    0.1092   -1.3288   -0.0567
    0.4922    0.3959    0.4814
   -0.9233   -0.4984    0.6727
   -0.6995   -0.0925   -0.0423
   -1.6785    1.3938   -0.0496
    1.2485   -1.0886    0.6522
   -2.0741   -0.6227   -0.1884
   -0.6269    1.5111    0.4175
   -0.4604    0.4812    0.1598
    0.4829    0.0878    0.6485
    1.7358   -0.7349    0.8161
   -0.8339    0.9122    1.1961
    0.6321    1.0102   -2.2773
    0.5997    0.5491   -0.8326
    0.6563   -0.0299   -0.3725
    0.4874   -1.1826   -0.7887
    0.8942    1.5490    1.4008
   -0.3245    0.6394    0.1907
    0.7261    1.1858   -0.0888
   -1.3689   -0.4176    0.0142
   -0.0817   -0.5019    1.6702
   -0.2266   -0.0842   -0.4471
   -0.0732    0.9766    0.5857
   -0.6890   -0.3695   -1.5195
   -1.4802   -0.0925    1.1637
    0.9626   -0.8668    0.6820
   -0.3204   -0.7020   -0.5080
    1.0659   -0.0228    0.3643
    1.5537   -1.0357    1.3914
    0.6691   -0.2728   -0.3913
   -0.9300   -0.0133   -0.2450
   -2.1326   -0.2004   -0.1109
    2.0060    0.4654    0.9124
   -0.4238    0.2832   -0.5375
    0.3081    0.0847   -0.5191
   -0.1442    0.6436   -0.4388
   -1.6101   -0.7337    0.3577
   -0.4433   -0.3091   -0.1034
   -2.0388    0.0571    0.1680
   -0.1171   -0.5642    0.7880
   -0.7304   -0.1181    2.8740
   -1.4562   -0.0031   -0.4987
    0.1643   -1.5587   -0.4798
   -1.6720    0.0955   -0.0872
    0.1456   -2.6711    0.1227
    0.5543   -1.2137    0.1247
    1.4365    0.6395   -0.0868
   -0.7132   -0.3678   -0.8528
   -0.8924    0.6760    0.3974
   -1.2799    0.5308    1.2673
    1.1654    0.5051   -0.0704
   -0.8093    0.1320   -1.7405
    0.9292   -0.4504    0.0096
   -0.1566   -0.4728    1.1911
   -0.4518   -0.4931    0.5015
   -0.7041    0.2219   -0.0049
   -0.4460   -0.0463    0.1457
   -1.9891   -1.1889   -0.7435
    0.1866    0.8683   -1.1490
    0.2263    0.7680    0.5564
   -0.7135   -2.5380   -1.0636
    1.5971   -0.4070   -1.8111
    1.2767   -1.6685   -0.1380
    0.5903    0.2241   -1.8617
    0.0454   -0.6244   -0.7545
    1.4956   -0.4298    0.2756
    1.5100    0.9692    1.5601
    0.4307    1.5477    0.9597
   -0.6032   -1.5985   -1.1696
   -0.9187    0.9594    1.4803
   -0.2707   -0.2016    0.0726
    1.4675    1.5175    0.6532
   -0.5692   -0.3448    1.3105
    0.8981   -1.4695   -0.1794
   -0.9281    1.2630   -0.6599
   -1.0143    1.0740   -0.1051
   -0.1583   -0.2703   -0.2360
   -1.5251   -1.3817   -0.2896
   -2.4790   -0.3006    0.3021
   -0.6427    1.0766   -0.8999
   -1.6795   -0.0576    0.0431
   -1.3704   -1.4079    1.9360
   -0.8913   -0.2534    2.3326
   -0.0049    0.9760    0.5443
   -0.9831    1.3946   -0.5796
   -1.0639   -0.4308    0.0222
    0.2923    0.7079   -0.0447
   -2.3039   -0.3339    0.6629
    1.2224    0.7941   -0.7345
   -0.5422   -0.6550   -0.9380
   -0.5531    1.4961    0.7320
    0.3547   -1.2435   -0.2863
    1.9092   -0.9242    0.6089
    1.5134   -0.9564    0.4092
   -1.6085   -0.7876   -2.0909
    1.1001    1.4051   -0.2776
   -0.8030    0.0987    0.0558
    0.9354    0.0170   -0.7659
   -1.4661   -0.8755    2.2191
    0.5121   -0.4386    0.3400
   -0.3175    0.8662   -0.4812
    1.8633   -1.2834    0.3005
   -0.7489    0.6951   -0.0820
   -0.8794    1.7231   -0.4172
   -0.1327   -1.7162    0.3380
    0.0041    1.5602   -0.2897
    0.3724   -0.6172   -1.4248
   -0.7026    0.6871    1.4783
    1.2051    0.6661   -0.6471
    0.8976   -0.5408    0.2225
   -0.8943    1.2752   -0.1582
   -0.4768   -0.5340   -0.7619
   -0.7004   -0.7143   -0.4771
   -0.1163   -1.4360   -0.0894
   -0.1772   -0.4468    1.1386
    0.8135   -0.8647   -0.4869
    0.9516    0.9239   -0.3842
   -1.2010    0.0488   -0.1950
    0.9374   -0.6687   -0.7044
    1.0185   -0.7019    0.0013
   -0.2746    0.3762   -0.0520
    1.6280    1.1643   -0.2765
    0.5059   -1.4272    0.2332
    1.7347    0.6108   -1.2885
    0.1868    0.1529   -1.0445
   -1.4658    0.6863   -0.1805
   -0.4863   -0.6639   -1.2952
   -1.4973    0.3430    3.5409
   -0.1915   -0.2585   -1.2863
   -0.3509   -0.2826    0.0395
   -0.9726    1.4048   -0.3844
    1.7502    1.0679    1.5162
    0.2255   -0.4076    2.4924
    0.4419   -1.2015    0.0312
    0.8702   -0.0992    0.3683
   -0.6351    0.4290   -0.1126
   -2.2313   -1.1315    0.4352
    0.6971    0.5652    0.2531
    0.6076   -0.7865   -0.3342
   -0.2140   -0.4033   -1.3172
   -0.5224    1.0904   -0.5366
   -0.9021   -0.5989    0.2024
    0.3800    0.0713   -0.3106
    0.0970   -0.3711    0.1593
   -1.4634   -1.2061   -0.3844
    0.4923    1.1628   -0.4689
    0.3733   -0.3599   -0.2476
   -2.3742   -0.7452    1.7197
   -0.0701    1.1085    1.9116
    0.4915   -0.9329   -1.4479
    0.0703    0.0250   -2.6813
    0.9200   -0.7369    0.0605
   -1.4959    2.0698   -0.1660
   -1.9550   -1.1915    1.4594
   -1.7397   -0.1400    0.6644
    0.3326   -0.2131    0.7357
    0.9830   -0.4159   -1.4936
    1.1332   -0.5555    1.0115
    0.5566   -0.7944   -0.7077
    1.1914    0.4091    1.7810
   -0.6277   -2.0994   -0.2351
   -0.1515   -0.3810   -1.2849
    1.8053    0.8204    0.0692
    0.7107    0.1813    0.3083
   -0.3308    0.1663    0.0083
    0.3207   -0.2134   -0.0104
   -0.3059    0.2053   -1.1766
    0.3384   -2.5680    0.6793
   -0.0176   -1.8767   -1.2705
    0.6841    2.7409   -2.3918
    0.8010   -0.3456   -0.1135
    1.8467    1.5093    1.1102
   -0.7450    0.3101    0.5811
   -0.8646   -1.0653   -1.1023
    0.3154    2.2759   -0.8117
   -0.7320    0.9864   -0.5316
    0.1831    1.2605    0.4091
    0.5914    0.9070   -1.3395
   -0.3202    0.3617    2.5116
    1.1420    0.2022    0.6237
    2.0768    2.4842    1.7526
   -0.6721   -0.0127    1.1832
    1.2905    1.4402    0.1956
    1.2930   -0.9030   -2.0645
   -0.7084   -2.2514    0.2103
    0.4771   -0.4465    0.3988
    0.9536    0.2284   -0.5345
   -0.9639   -0.8328   -0.4848
   -0.2642   -0.7250   -0.0703
    0.4736    0.3238   -0.8663
   -1.4630   -0.7502    0.6378
   -0.9609    1.9738   -0.4377
   -0.1241   -0.6543   -0.6559
    1.4523   -1.5008    0.3937
   -0.7419    1.9130    0.9233
   -0.9888   -1.1248    0.9516
    1.6416    0.6985    0.0113
   -0.0087    0.4829   -0.6506
    0.7369    1.4134    1.1242
   -0.1526    3.8415    0.5044
    1.4312   -0.5545   -0.1682
    0.7956   -1.2632   -1.0043
    0.2393   -0.2184   -1.6373
   -0.8686    1.2029   -0.7056
    0.4150   -0.4427   -0.1983
    1.9969    0.7265   -1.2047
   -1.6522    0.4830   -0.2217
   -0.6751    1.1975   -0.1278
   -0.1728    0.1409   -3.0686
   -0.0999   -0.7445   -0.7811