    1.6618   -0.7376    0.2116   -0.1299
    0.8317   -1.0796    1.0382    1.6572
   -0.3575   -0.4518    1.2610    1.1109
    1.9046   -1.2790   -1.3639   -0.2449
   -0.4405   -1.5190   -0.1669   -0.2286
    0.9240   -1.2290    1.8645    2.0547
    0.2154   -0.6756    0.0870   -0.5737
    0.6276    0.4684    0.4412   -0.3858
   -0.2955   -0.6005    0.0889   -1.0333
    1.7340    2.4034   -0.3516   -0.7484
    1.0708    0.5925   -0.3736    0.5317
    1.1451    0.2680   -0.9619   -0.9319
    1.3317    0.5528    1.4200   -0.7176
   -1.1130    0.7157    0.4760   -0.5714
    0.8271    0.1710    0.0629    0.6617
    0.7076    1.0865   -2.0538   -0.2701
   -0.3280   -0.1640    0.9660    1.5769
   -0.0033    0.3053   -0.5654    1.0374
    0.0899   -1.1635    2.8610    1.0117
    0.2529   -0.0381   -0.7203   -0.7985
    0.7375    0.4642    0.7676    0.3708
    0.9534    0.3751    0.7264   -0.3154
   -0.5290   -1.5222    0.1132   -1.3647
   -0.3822    0.7947   -0.3058   -0.4601
   -0.9686    1.1483    0.3517    0.8502
   -0.1828   -0.3984    1.2348    3.8950
    0.9858    2.4552    0.9502   -0.2627
   -0.9464    1.0787    0.6131   -0.7397
   -0.0933    1.0403   -1.9239   -0.7181
    0.1308    0.2217    0.8857    2.7243
    1.2618    3.9970    1.2412    0.5227
   -2.1136    0.2818   -0.6977    0.2688
    1.0781   -0.8137    0.2238   -0.1672
   -0.0509   -0.6330   -1.3283    1.2825
   -1.2241   -0.2182   -0.3719   -0.6549
    1.3632   -0.3348   -1.1484   -1.0821
    0.9179   -0.0320   -0.3853   -0.0301
   -0.4379   -0.8343   -0.1826    1.9657
    0.2254   -0.5433    0.4312   -0.8987
   -0.0292    1.3052   -0.7980   -0.4103
    0.6118   -1.0698    0.3444   -0.7029
   -0.3785   -1.2983    0.0194   -0.1122
   -1.1511    1.1522    0.8684   -0.8854
   -0.1930   -1.3260   -0.2282   -0.7813
    0.1886    0.2385    0.4186    0.1348
   -1.8487    1.7117   -0.7869   -0.0656
    1.1410    4.2677   -0.6586   -0.3323
   -1.6360   -0.5404   -1.1819    0.2399
    0.9021    0.6166   -0.5300    0.4301
    0.6236   -0.6853   -2.1447    1.7023
    0.4431    1.4391    0.7597   -0.3032
   -0.9442    0.7992   -0.5793    1.5182
   -0.1598   -0.3519    0.4429   -2.4767
    0.7539    0.3319    0.0956    0.6562
    0.0632    0.0972   -0.2133   -0.0949
    0.1975    0.4103   -1.8641   -0.2659
    0.8229    2.4028   -2.4335   -0.7845
    0.7807   -1.6867    1.2416    0.9855
    1.2400    0.8377   -0.2835    2.0197
    0.2516    0.2540   -1.0557    2.3592
   -0.2979   -0.6411    0.5195   -1.1959
   -1.4539    2.3749    0.8136   -0.2359
    0.8291   -1.3325    0.4665    0.7693
   -1.3003    0.9878   -1.5298    0.3550
   -0.0561   -0.9175   -1.0228   -1.4820
    0.3229    1.2502    0.7284   -0.5033
   -1.6539   -0.0434   -1.1402   -0.6086
    0.4836    1.5686    0.6095   -1.0461
    1.6147   -0.4205   -2.0904   -0.1686
    0.1850   -0.5538    1.3786    1.1650
   -0.5459   -0.8480    0.2370    1.3189
    0.8732   -1.3162   -0.3585    0.3726
    1.5058    0.1584   -0.0132   -0.7582
   -0.3244    0.1371   -1.0987    0.2770
    1.7070    0.1256    0.5920   -0.6005
    0.0104   -0.4898   -0.6611   -0.5673
    1.4427    0.7194    1.1734   -0.0449
    1.0350    0.2306   -0.5193   -1.4226
    0.3280   -0.3866   -0.5727    0.6163
    0.2592    0.4932    0.6514   -1.3686
   -0.2047   -0.6796    1.6720    1.2244
    0.5422    0.4693   -1.7523    3.8428
    0.4652    0.4133   -0.0653   -0.9058
   -0.9560   -2.0075   -0.4744   -0.8075
    0.2834   -0.6970    0.4088    0.3361
    1.7939   -1.9033   -0.7426   -1.1532
   -1.5333   -0.4126   -1.7659   -0.0621
   -0.4341   -0.8870    0.5527   -0.3841
   -0.0493   -1.6476   -0.1573   -1.3379
   -0.5832   -0.6724   -0.5694    2.3947
    0.6493    0.1091    1.3154   -2.2339
    1.6119    0.5725    0.2344   -0.5310
    0.8125    0.8484    0.5977   -0.6182
    0.0526   -0.7250   -0.2778    1.0021
   -1.8823    0.2823    0.6269    1.9216
    0.7714    0.4056    1.8351   -0.8831
   -0.0389    0.2750    1.0044   -0.7309
   -0.3360   -0.6775   -0.8250    0.2090
   -2.8794   -0.0203   -0.3721    0.0727
   -2.2906   -0.6523   -0.0203    1.8961
    0.5550   -0.5205    0.0955   -0.4021
   -0.5921   -0.2786    0.2246    0.1369
   -0.8921   -0.9391    0.2187   -1.1486
   -0.2607    0.5971    0.1645   -1.4491
    0.8059   -0.7425   -1.3400    0.0027
    0.8700    0.1253   -1.0974   -0.5778
    0.7481   -0.7285   -1.5475   -0.2571
    0.7179    0.4114    0.4590   -0.0129
   -1.7496    0.0775   -0.4875   -0.1805
    0.5535    0.2944    0.0832   -1.2911
    1.5664    0.4943    0.8867   -1.7007
   -1.0420   -0.7837   -0.2974   -0.3887
    0.5937   -0.9566    0.4701    0.5209
   -0.1387   -1.2430    2.0923    1.0596
    0.6177    0.4696   -1.1020   -0.3499
    0.2818   -0.1883   -0.3493   -0.5178
    0.6509    0.5510    0.7844   -0.4018
    0.8780    0.8261   -1.2462   -0.0170
   -0.2913   -1.9403   -0.0357   -0.8228
    0.2109   -0.7343   -0.1488   -0.1809
    1.3351    0.1729    1.4447   -0.2764
   -0.0143   -0.5869   -0.8473    0.4491
    1.2926   -0.0890   -1.2544    0.0265
    0.8178    0.0747    1.5133    0.0355
   -0.3210    0.3641    0.7064   -0.8026
    1.5240    2.4700    1.6963   -0.1828
   -1.5135    0.9596    1.1245    0.1439
    0.7503    1.7600    0.8580    0.3479
   -0.2599   -0.4807    1.1569   -1.2770
    0.4877    3.0121    0.6147    0.5827
    1.1185    0.6027   -0.8095   -0.1198
   -1.2034    1.5085    1.2592   -0.2635
    0.3044   -1.3734   -1.0297    0.1469
    0.6918    1.2704    1.1094   -0.4738
   -1.0302    0.3541    0.2557    0.0808
    1.0924   -0.1532   -1.2426    0.3927
   -1.6802   -0.5952    0.8398    0.0354
   -0.0787   -0.1218    0.0627   -1.0424
    0.3337   -0.9479   -0.0542    1.4860
    1.5657    0.9879   -0.4590   -0.1776
   -0.0818    1.5030   -0.6399   -0.0612
    0.0796   -0.4696    0.4410    0.9526
   -2.4431    0.7400    0.2219   -0.6893
   -0.2052   -0.9840   -1.1049   -1.2445
    0.5760    1.3475    0.4167    0.0184
    0.0642   -0.7356    1.4596   -0.4646
   -1.3351    0.2221    0.0233   -0.4477
    0.1097   -0.5521    1.6803    2.0204
    1.5557    0.8731   -1.6214   -0.5338
    0.7363    0.4160   -0.5408   -0.5287
    0.0229   -1.6051    0.0285    0.1365
    0.8867   -1.1987   -1.2916    0.8102
   -0.8064    0.2356   -1.1481   -0.1498
   -0.5099   -0.2447    1.9537   -0.4719
    1.3763    0.5385    0.6836   -0.7930
    1.0449    0.3070   -2.2243    0.4692
   -1.1526    0.0409   -0.6135    0.0653
    0.9645   -0.6664    0.9506   -1.3575
    0.8323    0.1364    0.9588   -0.0796
    0.5886   -0.7823   -0.3273    0.6791
    0.4280   -1.1611   -1.3037   -1.3546
    0.7844   -0.6875    0.8892   -1.8174
   -1.5660   -0.9322    0.2733    0.3802
   -1.8138    1.2843    1.0330    0.0524
    0.1825   -0.0606    0.1492    1.7458
    0.2051    0.5740   -0.3094   -1.8782
   -1.5204    1.6858    0.1488    0.4790
    0.7481   -0.1594   -0.8162    0.1000
    0.3109    1.1741    0.2922   -0.3529
   -0.6353   -0.7685    0.1100    0.3838
    0.3958    0.0781   -0.3872    1.6080
    0.5140   -0.7433   -1.7197    0.3518
   -0.3583   -0.4765   -1.7036    0.6300
    0.1448   -0.1212   -1.1027    1.1153
    0.1113   -0.4144    1.6237    3.8875
    0.9269   -0.8651   -2.0057    0.0764
   -0.2137   -1.1669   -0.4084    0.8992
   -0.0617   -1.3479   -0.3211   -0.2675
   -0.9141    0.5119    0.1443    0.4359
    0.9509    1.3306   -0.1098   -1.3356
   -0.5080    0.8113    1.3383   -0.5319
   -0.9346   -0.2330   -2.0425   -0.3470
   -0.8455    1.7474    1.1785   -0.5270
   -0.9053   -0.3542    0.0672   -0.9827
   -0.0572   -1.5839   -2.8865   -0.3385
    0.8567   -1.1709   -0.4492    0.3174
   -1.7871   -0.4116    1.3260   -0.1065
   -1.7099    0.2238    1.6453    0.4009
   -0.4794   -0.5551    0.8106    1.8828
   -0.8190    1.6692   -0.2377    0.6003
    1.3673   -0.3218    1.2710   -0.9696
    1.8520    0.3959    0.1558   -1.0014
    0.6760    1.4542    0.2906   -0.5816
    0.3687   -0.0279    0.2367    0.3748
    0.2363   -0.4066   -0.0235   -1.2567
    1.1620    0.6506    0.8303   -0.5244
    2.2613   -0.6329    1.2756   -0.6897
   -0.8035   -0.8453   -0.3986    1.0008
    0.7851    1.8257   -2.5203    1.2469
   -0.1965    0.7588    0.1114   -0.1991
   -0.4057   -0.8994    2.0431   -0.1789
    0.2133    0.4134    0.7656    0.0957
   -0.7015   -0.2226    0.7394    0.1795
    0.2196    1.1364   -2.0247   -0.2456
    0.9495   -0.4021   -0.9130   -0.4980
    1.2817    1.6312   -2.2010   -0.6385
    1.9712   -1.4504    0.2028   -0.5350
    1.2980    0.6106   -2.4357    0.1691
    1.5591    0.4015   -0.8139   -1.1223
   -1.3936   -0.2070    1.3085    0.7692
    0.1781   -0.0830   -0.0764   -0.9307
   -0.5688    0.1127    0.1174    2.2782
   -0.6743   -0.4593   -1.2180    0.2362
   -1.9952    0.3882    1.2234   -0.6454
   -1.0141   -1.0449   -1.0056    0.3145
   -0.9513   -0.4101   -1.7698    1.9722
   -1.9085   -0.7446   -0.4915    0.4323
   -0.0289   -0.8560   -2.4719    0.0382
    0.8380    0.8649    1.2079    0.5582
   -0.9224    0.7902    0.8428   -1.3606
   -1.0680   -0.6387   -0.8410    0.4292
    0.3497   -0.4872    0.1792    0.8565
   -0.4339   -0.7525    0.2505    0.1230
    0.9628    0.6040    0.1645   -0.7088
    1.0109   -1.2671    0.7066   -0.7282
    1.3845   -0.2654    0.2448   -0.8174
   -0.3202    0.6414   -0.0622    2.3675
    0.3983   -0.9963    0.3864   -0.7724
   -1.3718   -1.6176   -0.5292   -0.7891
   -0.4381   -1.4838   -0.8314   -0.1007
    0.4197   -1.1267   -1.2350   -0.7584
   -0.0604    0.2821   -0.4196    0.8303
   -0.9163   -0.1393   -0.1797    0.3379
    0.7410    0.1824   -0.2753   -0.6666
    1.2063    0.5204   -2.0743    0.4306
   -1.2367    0.0051   -0.3547    0.2457
    0.4513    0.1942    0.5600    1.1391
    0.1990    0.4852   -1.5704    0.4345
   -1.6951    1.6632    0.1931   -0.3818
   -0.7915    0.4943    0.0172   -0.4245
   -0.0581    0.0722   -1.0794   -0.8714
    0.5334   -1.0037   -0.1927   -0.8603
   -1.1946    0.9681    1.7565   -0.7747
    0.4460    0.1030   -0.6121   -0.4194
   -0.5455   -0.9302    1.0422    1.6813
    1.5275    0.5037   -0.2595    0.8756
   -2.3319   -1.3547   -0.1158   -0.7652
    1.1975   -0.5620   -0.9039   -1.2523
    1.6078    1.3149    0.4431   -0.4019
    0.7893    0.0373    0.3881    0.6319
    0.6158   -0.4863    1.8931    1.9390
    1.4034    0.0365   -1.5501    0.4831
    0.8609   -0.0098    0.2427   -0.3891
    0.6235   -0.8201    0.2402   -0.8367
    0.2462    0.3815    0.3678    0.2895
   -1.0085   -0.2333   -0.4194   -1.9862
   -0.3355   -0.7099   -2.2542   -1.2200
   -0.0429   -0.9828    0.6409   -1.5924
   -0.7490   -0.3353    0.3147   -0.5133
    0.3778   -0.3417    0.7451    1.0868
   -0.7255   -0.0032   -0.0969   -0.2348
   -1.3427    1.4137    1.7534   -0.0409
    1.4040    3.5276    0.0011   -0.5534
   -0.1044   -0.8289    0.9501   -0.4074
    0.8254    1.6037    0.3544   -0.2400
    1.1914    0.1484   -0.3670   -0.4674
   -0.6729   -0.8042    0.9543    0.2474
   -0.1945    0.1702    0.8578   -1.7606
    0.5375    0.6031    1.2501    1.1502
    1.4871    0.4554   -1.1361   -1.2754
   -1.2674    0.8451   -0.9059   -0.8371
    1.4148    0.6664    1.1352   -0.6289
    0.9195    3.1988    1.1108    0.1087
    1.1632   -1.3495   -2.1237    2.0488
   -0.1094   -0.9682   -0.6185    0.6800
    0.9434    0.1924   -0.9312   -0.2760
   -0.7166   -0.8415   -0.5781   -0.6696
   -0.7178    1.1485    0.6151    1.0117
    0.0579    0.0889   -0.4884   -1.2263
    0.1125   -0.6591   -1.0240    0.4678
   -1.0839    1.2561    0.0523   -2.4500
    0.4383   -1.3076    1.6354   -0.0524
    1.1311    0.6504    0.2167    1.9129
   -0.6203    0.1459    0.0393    0.2669
   -1.5882    1.9357    1.0657   -2.2636
   -0.0851   -1.4580   -1.4282   -0.3665
    0.6758    0.0031    1.3648    0.4539
    1.9384   -0.3234    1.5466   -0.2267
    0.7391    2.9285   -0.8956    0.3196
    1.0768   -0.1272    1.5314   -0.8393
   -2.5393    2.1989   -2.2325    0.1710
    0.8651    0.1886    0.2928    0.0173
    0.8577   -0.9681    1.0884    1.9028
    0.9809    0.3024    0.6429    1.0522
   -1.5344   -0.2207    1.0071   -0.6414
    0.6151    0.4623   -1.6242    0.1227
    1.3842    0.8628   -2.7800    0.6243
   -0.1951   -0.0327    0.8315   -0.8038
    0.3059    0.1334   -0.9235   -0.1262
   -1.1975   -0.3275    1.5337   -0.4212
    0.1385   -1.3841   -1.7042    0.6144
    0.4612   -0.8010    0.2513   -1.3540
   -0.1724   -1.5855    0.8213   -1.6873
   -1.4829    0.0932   -1.9209   -0.6821
   -0.3675   -1.3760   -1.4484   -1.7686
    0.4489    0.0535   -0.4673   -1.2382
    1.0877    0.2783   -1.7067   -1.4898
   -0.8784   -0.1944    0.9588   -0.8236
   -0.1344   -2.1010    0.8558   -0.6452
   -0.7997    1.0258    0.3654    0.1781
    0.7466    1.1755   -0.6745    0.3991
    0.4474    0.4424    0.7486   -0.3029
    0.8333   -1.4385   -1.9423   -0.1617
   -2.5798   -0.3773    0.0567   -0.2572
   -0.0906   -0.6125   -0.2805    0.2986
   -1.0453    0.3754   -0.1767    0.6540
   -0.6163   -1.5851    0.3871   -1.1484
    0.5938   -0.5535    0.0185    0.7321
   -0.8739    0.1860    0.6636   -0.3821
   -1.5717    0.2286    1.3705    0.1284
   -0.3338    0.0667    0.2344   -0.6552
    0.9785    0.4228    1.1248   -0.0259
   -2.0732   -0.4899   -0.6835   -1.7767
    0.4624    0.4346   -0.9813   -0.9303
    0.6905    1.6612   -0.6685    2.6543
   -0.6561   -0.6877    1.1687   -0.0027
   -0.6482    1.7006    0.1346    0.8965
   -0.4561    0.7671   -0.9180   -0.4086
    1.0595    0.2716   -0.8624   -0.2995
    0.7236    0.8367   -0.3105   -0.1010
    0.5206   -1.3903    1.6123    0.2006
    1.0239    0.9437    0.2250   -0.8415
    1.4832    1.0779    0.5644   -0.3722
    0.6148    0.0535   -0.3750    0.4447
    1.4249   -0.8560    1.1160    0.1994
    0.8383    0.3495    0.7617   -0.5550
    0.0568   -1.5102    0.1074    0.1347
    0.3912    2.7007   -0.4994   -0.2290
    0.0027    3.3071   -0.7493   -0.3704
   -1.1644   -0.0547    0.2029   -1.0158
    0.6048    0.1276    1.5110   -0.5709
    0.4283   -1.0390    0.5888   -0.3418
    0.6572    0.4920    1.2975   -1.3890
    0.1077   -1.4353   -1.2741   -0.8970
    0.5041   -0.6677   -1.3494    0.8132
   -0.9507   -1.1286    0.7260   -0.8586
    0.9579   -1.0522   -2.3691    0.0418
   -0.6830   -0.6309    0.9177    2.2652
    0.3615    0.1952    0.1651   -0.3617
    0.1205   -0.1240   -1.1249    0.0129
    0.1788   -0.8754   -0.7419   -1.6200
   -0.8363    0.7996    0.2134    0.6237
    0.5026   -0.6167    0.1573   -0.9573
    0.2010   -0.3944   -1.5450    0.0622
    1.0750    1.4042   -0.6887   -0.5408
    1.4275   -1.6746    1.1100   -1.0183
    1.1927    1.5916    0.6138   -0.6203
    0.1981    0.0752    0.6671    0.3060
    0.5876   -0.8038    0.8605    0.8861
    0.0689   -1.5348    0.6428    1.2729
   -0.7292   -0.5358    0.0555    0.4156
    1.2475    0.4418   -0.0460   -1.0736
   -0.3984    0.3841   -0.4171    0.0583
   -0.0989    0.3875   -0.2510    0.5572
   -0.1371   -0.6890   -1.0595    1.9693
    0.1503    0.9780    0.6839   -0.2632
   -0.4672    0.2796   -0.4960   -1.5485
    0.0395   -2.0178    0.8283   -1.7866
    0.9632    1.3116    0.7496   -0.6641
    1.4933    1.3737   -1.3810    0.0925
   -0.2387   -1.0207   -1.2284    0.1849
    0.3888    0.1118   -0.3304   -1.2252
   -1.0308   -0.6830   -0.4342   -0.5211
    1.7661   -1.4495    1.2624   -0.6105
    0.6563    0.4010   -0.2975    0.6663
   -2.6831    0.7526   -0.2198    0.1592
    0.9907    0.1151    1.4956   -0.5208
   -0.7353    0.5034    1.9963    0.2299
    0.9818   -0.1617   -0.0040    0.4612
   -0.2086    0.3372    1.9690    0.6708
   -0.8450   -0.0565    0.5243   -0.0615
   -0.0003   -1.2855   -0.5102    1.4671
   -0.6592   -1.3218   -0.0452   -0.1730
    0.3239   -1.0700    0.2022    1.2557
   -0.9809   -1.6765    0.8089   -2.4905
    0.8137   -0.3043    1.5075    0.5186
    1.1322    0.2825    0.3415   -1.1423
   -0.5561   -0.2526   -1.4306   -0.2083
   -0.2604    0.0157   -0.8874   -1.2237
    0.0103    0.2082    0.8122   -0.6260
   -1.0530    0.1033   -1.1913   -0.0164
    0.5170   -1.0769    1.2398   -1.1029
   -0.7330    0.2812    0.4089    0.4042
   -0.2771   -0.9371   -1.0870   -0.8449
    0.2128   -1.0757    0.1217   -1.0483
    0.9865   -1.5824   -0.4962   -0.2448
   -0.5396    0.6529   -0.6807   -0.9796
   -0.7753    1.0197    0.8329   -0.6572
    0.2128    0.2969   -1.3340    0.0705
    0.4204    0.6049   -0.3635    0.0662
   -1.1199   -1.4019    1.2567   -0.0662
   -1.3055    0.8078    0.5829   -0.3050
   -1.0480    0.3381    0.9643    0.2011
    1.0876   -0.0553   -0.0988   -0.8125
   -0.5250   -1.1705    1.2313    2.0528
    0.0466    0.1124    0.3053    0.2387
   -0.4771   -0.0728    0.6881    0.0798
   -0.8842    1.0475    0.6765    0.0151
   -0.7331    0.6099   -0.7195    1.4674
   -0.6110    1.1432    1.2112   -0.9138
   -0.9387   -0.3537   -0.1763    0.1998
    0.6183   -0.7419   -0.5363   -0.2939
    0.7477   -0.4004    0.4780    1.4645
    0.1711    1.3736    0.9089   -0.0655
   -1.6004    0.0816    0.6357   -0.1652
    0.0332    0.4004    0.2530   -0.7003
   -1.5996    0.9719   -0.7456    0.9004
   -0.3071    1.2127   -0.3725    2.6289
   -0.3514   -0.0181    1.1481   -1.0256
   -3.1841    2.5557   -0.7274    0.5060
   -1.5181   -0.7867   -0.6035   -0.0351
    0.6172   -0.1403    0.6805    0.4518
   -0.8676   -0.5647    1.3268   -0.8078
    1.3814    0.9150    1.7917    3.4827
    0.4557   -0.4595    0.0036    0.9323
    0.1230    1.2653   -0.3734    0.5920
   -1.1900   -1.0689    0.3103    0.0520
    0.8253    0.5792   -0.6364   -0.4118
    0.5034   -0.3786    0.4408   -0.6171
    0.0652   -0.4335    1.4663   -0.7068
   -1.0550    0.8391    0.4759    0.9545
    1.4568   -1.1247   -0.0076   -0.6086
    0.5736    0.1537    0.7542   -0.3914
   -0.1157    0.2389   -1.0821   -0.5643
    1.6462    1.0181   -0.9924    0.3534
    0.9860    0.6073   -2.4865   -0.0060
   -1.5800    1.7200   -1.7446   -0.5425
   -0.2075   -0.5168   -0.9330    1.2645
    0.2030   -0.5219    0.4934   -0.8141
    0.2976    0.2978   -1.6827   -0.1437
    1.6960   -0.1409   -1.4214   -0.1402
   -0.6190   -0.6458   -0.0547   -0.4905
   -1.2243   -0.0006    2.1089   -0.6289
    0.2553   -1.3275   -1.0062    0.4481
    1.3503    1.2505   -1.1863   -0.3240
    1.0022   -0.4310    0.2455   -0.4327
    0.4004    2.0509   -2.2143    0.0064
    0.1572   -1.5383   -2.3244    0.6480
   -0.1532   -0.0134   -0.0396    0.2232
   -0.3036    0.0749    0.2972    2.5302
   -0.7606    1.3570    2.3757   -0.7279
   -0.2117    0.3314   -0.0669   -0.1529
    0.5230   -0.0323    0.3703   -1.1516
    1.1339    0.8209   -0.5369   -0.2877
   -2.5210    0.5016   -1.2079   -0.2121
   -1.0077   -0.1867    0.4369   -0.5687
    0.4910    0.3581    1.1471   -0.3705
   -1.6166   -0.5919    1.9094   -0.1140
    0.2059   -1.7215   -0.2649   -2.0487
   -0.2632   -1.1446   -0.7478   -0.2791
   -1.2916   -0.7964    1.0064   -0.1456
    1.2454   -0.0355    1.8505   -0.6846
    0.5863   -0.1518   -1.3987    2.4517
   -1.9844    1.3617    0.3370    0.0952
   -1.5363   -0.2087    1.7008   -0.1608
    0.5455   -0.1111   -0.7509   -0.3839
   -0.4011    0.9523   -0.8679    0.0156
    1.3014    1.4913   -1.4412    0.0610
    0.8086   -0.2654   -2.4575   -0.2409
    0.8250   -0.4004   -0.1538   -0.2314
    0.9752    4.0606    0.0655    0.6252
   -0.4178   -1.5667   -0.2562   -0.0436
   -0.6894   -1.1703    0.0815   -0.7814
   -0.4915    0.6650   -0.6243   -0.5965
   -0.1965   -0.7865   -0.8811    1.4106
    1.6504   -0.6732   -2.0555    0.8245
    0.5705    0.2896    0.3587   -0.2894
   -1.2331   -1.4413    1.3470    1.6589
    0.0754    0.2034    0.4638   -0.8349
    1.3118    1.5500   -1.8650   -0.0797
   -2.0040   -1.9395   -0.7135    0.4785
   -0.4509   -0.6824   -1.1526    0.0447
   -0.6297   -1.4854   -0.4970   -1.4936
    0.3250   -0.2476   -1.1059    0.6353
   -0.8338   -0.2935    0.2717   -0.7350
   -0.0355    0.1157   -0.9898   -0.1275
   -0.0401   -0.1983    0.1029   -0.7646
    0.3267   -0.7541   -0.3910    1.1165
    0.2985   -0.2932   -0.8794   -0.0411
    1.0955    0.2657   -1.9636   -0.7287
    0.5685    1.0068   -2.6831   -1.8558
   -0.0158   -0.1133    0.6787   -0.3151
    0.6133    0.3097   -0.3205    0.0293
   -0.4312   -1.5103   -1.9694    0.7988
    1.7111    0.4123    1.4548   -0.8681
   -0.6975    1.3875    1.4581   -0.3219
    1.1373    0.3040    0.2055   -0.9794
    0.5659    0.0082    1.3726    1.5098
   -0.0736    0.5815    0.1571    1.2268
    0.3909    0.6229    0.5098   -1.1065
    0.0042    1.0941   -1.2958   -0.0606
    0.5374   -0.8895   -1.1357   -0.3739
   -1.4826    0.2149   -0.1417    2.0891
    0.8000    0.0510   -1.0178    1.6180
    0.1272   -1.2799   -1.2094   -0.2112
    1.1597    0.4287    1.0059    0.2745
   -0.0844    3.1560   -0.9111    1.8686
   -0.9114    0.6651   -0.2547   -0.1909
    0.6785    0.0234    0.1371   -0.2428
   -2.1169   -1.2158   -0.3855   -0.4468
   -0.8886   -0.3228   -0.2324    1.0103
    1.3450   -1.5588   -0.1722    0.3000
    0.2422    0.1698    1.0443    1.2460
    1.2097   -1.3773   -0.4686    0.9566
    0.8697    1.0481   -0.2529    0.0763
    1.1093   -1.5744    0.7164    1.7919
   -0.7000   -0.2408   -0.5539   -0.4629
   -0.1415   -1.9087   -0.1313    0.6059
    0.6035    1.8262   -0.0658   -1.1060
    0.7375    0.0428   -0.0666    0.4610
   -0.7925    1.3371    0.2042    1.0821
   -0.5876    0.3958    1.4680    0.3795
   -0.7287    1.9642   -0.4554   -1.0456
    2.4843   -1.5753    0.9843   -0.8174
   -0.9722   -1.2803   -0.3493   -1.2108
    0.2490    0.1661    0.2050   -0.4567
    0.6215    1.8340    1.4609   -0.2595
   -0.3536   -0.3414    0.2799    0.0347
    1.2154   -0.6410    0.5920   -1.0056
    0.1887   -1.6308    1.1371   -0.4240
   -1.6451    0.4566   -0.0726    0.6790
   -1.6339    1.0654    0.8541   -0.1754
   -0.7964   -0.9305   -0.6583   -0.1075
   -0.1676   -0.7242   -1.0828   -0.3593
   -1.2402    0.1204   -0.3567   -1.2368
    1.3567   -0.2580   -0.9589   -1.0466
    0.4842   -1.1647    0.6161    0.2750
    0.5693   -0.7436    1.6725   -0.5865
   -0.0287   -1.5523   -0.3675    0.0434
   -1.0298   -0.7803    1.7391    0.4404
   -0.3737   -0.2140   -1.0820   -0.4391
    1.0276    0.0878    0.4482    0.2423
    0.6596   -1.0506   -2.1123    1.0004
    0.3483    0.8846    1.2930   -0.7483
   -0.3072   -0.5708    0.3541    3.0163
   -1.6932   -0.5838    0.5762   -0.3060
    1.0592    0.0042    0.1151   -0.3260
    1.4014    0.8789    0.9665   -1.0576
   -1.3291   -0.7132   -1.8815   -0.4362
   -0.4605    0.3993   -0.3068   -0.4831
   -1.3889   -0.5093   -1.8535   -1.3664
   -0.6369   -1.6643    0.4960   -0.8956
   -1.9535    0.9877   -1.1310    0.5725
   -2.2654   -0.7189   -0.1173   -0.2301
   -0.3348    0.4473    0.2432   -0.7188
    0.7588    1.2278    0.1798   -0.5967
    1.5784    2.7358    0.5486    0.9152
   -0.7201    0.7006    0.5283   -0.0879
   -0.4241   -0.6640    0.4552    0.3104
   -1.6403   -0.9005   -1.4702   -0.4975
    1.1112    0.6730   -0.3781   -0.9874
    0.6573   -1.0389   -0.3005   -0.4578
    1.7006   -1.5309   -0.8844   -0.5181
   -0.2354   -1.0643   -0.0397    0.1128
    1.3823    0.6633    0.0157    0.1327
   -0.4800   -1.4123    1.2663    2.8354
   -0.9182    1.5845    0.9782   -0.7348
   -2.1649    0.3732    0.0060   -0.3162
   -2.2976    0.7756   -0.0031   -0.1434
   -1.5365   -1.1803    0.5611   -0.5317
   -0.4460   -0.3531    0.2639   -0.0433
   -0.7753   -1.4604   -0.0631    1.0827
   -0.0181   -0.8339   -0.0947    0.0913
   -2.5647    1.0104   -1.3239   -2.1590
   -0.0928   -0.4538    0.6935    0.1105
   -0.5856    0.3201    3.3574    1.8169
    1.6666   -0.7539    0.3102    0.7216
    0.3023    1.6681    0.5191   -0.3555
   -1.0020    0.0919   -0.4065    1.0611
   -1.6840   -1.7974    0.6751    0.2096
    0.3427   -0.8825   -0.6259   -0.2270
    0.3099   -0.9158   -0.1177    0.7835
   -0.9508   -0.6700    0.4759   -0.1138
    0.0202    1.0313   -2.2680   -1.8071
   -0.7218    0.5027    1.2424   -0.1014
    1.2198   -1.3745    1.2670    1.5207
    0.5721   -0.8518   -0.2850   -1.4089
   -1.7262   -1.8300   -0.8514   -0.3951
    0.8520   -1.7862    0.0484    1.0471
   -2.6686   -1.7376    0.4514   -1.0281
    0.5716    0.3517    0.5724   -0.4526
   -0.2776    0.4573   -1.0868    2.8183
   -0.3599   -0.4665    0.6034    1.3831
    0.6646   -0.0296    0.4028   -1.0231
    0.7285   -0.0099   -1.3950   -0.5285
    0.9597   -0.8533    1.0682   -0.1310
   -0.3266   -1.0111   -0.0290   -0.2271
    0.6063   -0.5560   -0.0598    1.7572
   -0.3693    1.3930    1.4304   -0.5130
    0.1742   -0.7150    0.5802   -0.0669
   -0.9395   -1.5931    1.8036   -0.0538
   -0.8856    1.2278   -0.0598   -0.1236
    1.0929    0.5627    0.3568   -0.4388
    0.1182    0.6996   -0.1823   -0.1111
   -1.6425    1.1998   -0.3498   -0.9603
    0.2943    0.5279    0.6951   -0.0293
   -0.1033   -0.8740   -0.6598   -1.9571
    0.5648   -0.2925   -0.5746   -0.2177
   -0.7636   -0.3218    0.5331    0.2591
   -1.6200    0.9081    0.7823   -0.5847
    0.6349    0.2572    1.6959   -0.2430
   -0.0506   -0.7238    0.7361   -0.8991
    0.2728   -0.1624   -0.7956    0.1037
    1.0014   -0.3882   -0.9970   -0.2199
   -0.2394   -0.6989   -0.2925   -0.1808
   -0.1191    0.6160    0.8378   -0.9683
   -0.3593   -0.5564    0.1757    0.3185
    1.2348    2.4490    0.2075   -0.4571
    1.3988   -0.6183    0.1205   -0.6059
   -0.4806    0.0226   -0.7338    3.4452
    0.4936    0.4312    0.6919    1.4511
   -1.6121   -0.4744   -1.5725    0.5647
   -0.4886    2.4980    0.0563    0.2598
   -2.1257    0.3571    0.2383    0.0321
   -2.0470    2.5878    0.3950    0.3697
   -1.4833   -0.5616   -0.5792   -0.9528
    0.0481    0.8216    0.6686   -0.2866
   -2.3382    1.7154   -0.3345    0.1859
   -0.2833    0.4896    0.6274   -1.2954
   -0.9223    0.6483   -1.0681   -0.8396
    1.6877   -0.5895    0.5704    0.0216
    1.3643    1.9843   -0.2118   -0.5133
    1.2627    0.5294   -1.1963   -0.6837
   -0.2726   -0.3218   -1.4872   -0.6594
   -0.7305   -2.0069    0.1857   -1.3001
    0.5139   -0.3585    0.3215    1.6789
   -0.1250    1.0813   -2.1697   -0.3894
   -0.0515   -1.5184    0.6420    1.0769
    0.5237   -1.3791   -0.0508    0.7319
   -0.5789   -0.4458   -1.2307   -0.3326
   -2.0024   -1.3511   -1.8036   -1.2077
    0.0383   -0.0046   -0.0566   -0.9031
    0.9205   -0.1534    0.9598   -1.0981
    1.3338   -0.6957   -1.2533    1.4299
    1.1858   -0.0883    0.5898    1.3170
   -0.8355    1.3634   -1.7270    0.1625
   -1.0898    1.0283    0.2202   -1.4888
    1.2337   -0.8673   -0.1962   -0.5316
   -1.3093    0.4760   -3.2022   -1.0095
    1.2925   -0.0170    2.2477   -1.6137
   -0.3443    1.1164    1.9353   -0.5945
    0.3395   -0.3264   -1.8356    0.1345
    0.6915    0.6519   -0.0985    1.1144
   -1.3657    2.2897    1.2253    0.0226
    0.1451   -0.5548    1.1752    0.0984
    0.7929    0.1952    0.0210    1.2409
   -0.0776   -0.2663   -0.5868    1.9569
   -1.6656   -0.3707    1.5786   -0.8262
   -2.3572    0.8390   -0.7895   -1.7631
   -0.5129   -0.3740   -0.0289    0.1930
   -1.5658    1.1985    1.2520   -0.5549
   -0.2837    0.2130   -0.3094    0.1655
   -0.7541   -0.5887    0.0914    1.5991
   -0.3468   -0.2168    0.2975   -1.2010
   -0.2598    0.0309   -2.1120   -0.7313
   -2.0825    0.5333   -0.6385    0.5592
    0.5776   -0.1432    0.1763    1.7253
   -1.3366   -0.4277    1.8197    1.3493
   -0.3422   -0.2472   -0.9253   -0.8878
    1.0284   -0.3432   -0.4989    0.0037
    1.2893   -0.6732   -0.4961    0.3020
   -1.1906    0.1488    0.3001   -0.7007
    1.0819   -0.7868    0.1105    0.3995
   -1.2489    1.2679    0.2263    0.9619
    0.0523    1.5128    0.4413    0.5906
    1.0434    2.1945   -1.0313   -0.1699
   -0.0448   -0.6192   -1.0687    1.3959
    0.5397    1.1244   -0.4124   -0.1855
   -0.1192   -0.3062    0.0808    1.1533
   -0.8202    1.5553    0.2705   -1.7318
    0.0988   -1.4070   -1.0353   -0.9378
   -0.4939   -0.5687   -0.0256   -0.4531
   -0.5598    0.8086    0.2068    0.4749
    0.8145    3.3741    0.6932    1.2543
   -0.6454   -1.4101   -0.4624   -0.6389
    0.8539    0.5583    0.5769   -1.0197
   -2.3473    0.6919    0.1356    0.8211
    0.5049   -0.6516    0.2018   -0.5436
   -0.2753    0.0819    0.5282    0.0406
   -0.7528   -0.1552    0.0847   -0.2144
    0.0704   -0.3587   -0.6462    1.6133
   -0.8813    0.9355   -0.7117   -1.6508
   -1.8410   -1.0761    0.3514   -1.2414
    0.6991    1.3958    1.0569    0.2485
    0.8577   -0.3625    0.1978   -0.8918
   -1.3033   -0.6942   -0.3988   -2.4515
    1.0479    0.7287    1.1764   -0.4905
    0.1353   -0.8679   -0.5373   -0.6136
   -1.0570    1.7783    0.8591    2.4647
    0.0854   -0.1903    0.2158    0.5938
    0.7289    1.3284   -0.4189    0.4117
    0.3158    0.6478    1.1872   -0.0210
   -1.2692    0.9826   -1.5529   -1.4918
   -1.0895   -0.0546   -0.1629    0.3409
    0.6012   -1.6189    0.7178    3.0153
    1.2372    0.5698   -2.3797    0.3536
    1.6868    0.3965    0.7265   -0.5646
    1.5598    0.3519    1.4565   -1.2751
   -0.1621    0.7374    0.0921    1.4978
    0.4243   -0.2631   -0.6361    0.1519
    0.1421    2.8894    0.4817    0.1534
    1.0844    0.3249    1.8082    0.4512
    0.3435    0.9210   -0.3424    1.2254
    1.3140   -0.3283    1.0656    0.3230
   -0.0851   -0.5946    0.0945   -0.2725
    1.1864   -0.3195   -0.0410    1.1530
   -0.1223   -0.1678   -1.7393   -0.2393
    0.5751    1.1143    0.1979    2.3402
    1.2129    0.4824    0.2626    1.3338
    0.1853    0.6564    2.0336   -0.5825
    1.1838    1.9180   -0.1212    0.3525
    0.5354    0.1230   -0.3209   -0.5756
    0.1217    0.2045   -0.8291    0.1282
    0.0021   -0.3865    1.3191   -0.7749
    0.3311   -0.5195   -0.7831   -0.3036
   -1.6163   -0.3533    0.6524   -1.6846
    1.9899   -0.7810    0.6678   -0.3807
   -0.0759    0.2119   -0.1987    0.7988
   -0.0342   -0.6565   -0.5445   -0.5139
   -1.8264   -0.7851   -0.4608    0.4049
    0.8515   -1.6347   -0.1043    0.2483
   -2.7187    0.6009   -1.0032   -0.1177
   -0.3039   -1.5216   -0.4490   -1.1464
    0.4071   -0.1217    0.0764   -1.8301
    0.4587   -0.6985   -1.4278    2.0025
    0.3570    0.4102   -0.1119    2.1247
    0.4253   -0.0073   -0.5723    0.6690
    0.7386    1.1031    1.8593   -0.7697
   -0.6985   -0.8520    0.2235   -0.7919
    0.2479   -0.7802    0.2672   -0.5401
    0.1107    0.9823   -2.8439    0.5159
   -0.6745    0.2544    0.3557    2.2351
   -0.3748   -1.0449   -0.1531    1.6161
   -0.5425   -0.7312    0.4112    0.8748
    0.2929   -1.2501   -0.3438   -0.3151
   -0.4562    0.3507   -0.1705    0.2522
    0.0481   -0.5536   -0.0833    0.2384
    0.4238   -0.7764   -0.5062   -0.5686
   -0.4670    0.4477   -0.1577   -0.4353
   -1.4610    0.8378    1.4004   -0.0655
    0.2015   -1.0263    1.8990   -0.5344
    0.5466   -1.1634    0.7626    0.9371
   -0.3488    0.0898   -1.1284    0.2721
    0.9846   -0.8192    1.2008   -0.0584
   -1.0594   -1.2188   -0.6766   -0.4252
   -0.2234   -0.1060   -1.0151    0.0176
   -0.8245   -1.2567    0.1817   -1.7478
   -0.9950   -0.8177    0.3401    0.2100
    1.3544    0.8053    0.3476   -0.6231
    1.2469   -0.6009   -0.8332   -1.3446
    0.1952    0.2990   -0.2264   -1.0299
   -0.4765   -0.2839    0.3372   -1.4198
    2.0626   -0.7482   -0.1224   -1.0875
    0.9270    0.0489   -0.1914    0.7816
   -0.3620    1.0098    1.2102   -0.4811
   -0.2337    0.1893   -1.8367    0.7473
   -2.0744   -0.4055    0.0478    0.0861
   -0.0684   -1.5540    0.7502   -0.3436
    0.4863   -0.3385   -0.2237    0.6921
   -1.2687   -0.5357    0.4624    0.9412
    0.3537   -1.0855   -0.6834    0.3665
   -1.7063   -0.6053    1.3818   -0.6755
   -0.6573   -0.3395    0.6631   -1.1630
   -0.1027   -1.0324   -0.6516   -1.8192
   -0.7374   -0.9362   -1.0798   -1.2759
    1.4733    0.5017    0.2254   -0.2284
   -0.2727   -0.0346   -0.0665    1.0414
   -1.3668   -1.3712    0.7640   -1.2210
    1.1523    1.3854   -1.1100    0.3552
    0.1830   -0.0719    0.5213    0.5075
   -0.2892   -0.6815   -0.0624    0.3983
   -1.0277    2.3304    1.8668   -0.1251
   -0.1572   -1.1350    0.4577    0.3854
   -0.4279   -0.8446   -0.7050   -0.2748
    1.5942    0.7888   -0.2173    0.6218
    1.9836   -0.1732    1.0309   -0.6154
    0.0956    0.5412   -0.8978   -1.1697
   -0.0668   -1.4568    0.2885    1.5346
    0.5962    0.5781   -0.6953    3.6055
    0.1834   -0.6323   -0.4934    0.2644
    0.4102   -1.1462   -1.2385    0.1669
   -1.3351    1.3499    0.8080   -0.2663
   -0.1004   -1.6448   -0.3711   -0.5931
    0.4197    1.8047   -2.8093    0.5508
   -0.6673   -0.1551   -0.0067   -0.2134
   -2.0544   -0.5212   -0.1328   -0.0892
   -0.0605   -0.0971    0.6940    1.7993
   -1.7221    1.0317    0.4974   -0.6561
    0.7368    0.4186   -0.6685    0.4860
    1.2840   -0.0952   -0.7037    1.6080
    0.5729    0.2317    0.1632    2.0444
    0.3249    1.0037   -0.1615   -1.4765
    1.3838   -1.0131    0.2615   -0.3435
    1.4681    0.2977    0.8674    0.0271
    0.2868   -0.7463   -1.2138   -0.2017
   -0.3551    0.2027    0.4643    0.6874
    0.5779    0.4098    0.4533   -1.0067
   -0.1934   -1.4416    0.5958   -0.9521
    1.2013    1.6937    1.6412    1.8853
   -0.5335    0.1584   -1.5759    1.2158
    0.5448    0.1347   -0.8390   -1.0558
    1.7163   -0.1781   -0.5428    0.2373
    1.2090    0.4642   -0.1356   -0.4461
   -0.8194    0.3352   -0.5318    0.8942
   -0.5781    1.5520    0.3724   -0.4206
   -0.3674    0.6550   -0.9498    0.4572
    1.1690    0.1737    0.8644   -1.3293
   -1.7991   -0.8437   -0.9414   -0.3780
   -0.4209   -0.1726    1.1176    1.4625
    1.4259    0.7932    0.4730   -0.1273
   -1.7271   -0.3868    0.7893    0.4948
    0.3249   -0.1328    1.4663   -0.1895
    0.2749   -1.1109   -0.8489    0.1568
    1.4499   -0.5492   -0.4885   -1.3219
   -1.8754   -0.1943   -1.0228   -1.0369
    1.6535    0.6715    1.3042    0.0703
    0.1327   -0.6450    0.0312   -0.1987
    1.6707    0.3745    0.1164   -0.3080
    0.7430   -0.7495    0.1816   -1.5292
    1.0950   -0.2611   -0.9790    0.9662
    1.0672   -0.9252   -0.1933   -1.2500
    0.1472    0.9776   -0.0382   -0.2442
    0.4483    0.3285    1.9195   -1.2338
    0.8994    0.0502   -0.6437    1.1724
    1.1764    1.0352   -0.9531   -0.8188
    1.5721   -0.8071   -0.2527   -0.5303
    0.3204   -0.1292   -0.4056   -0.7284
    1.9429    0.2400   -1.2195   -0.3053
    0.8097    0.6146   -1.6669   -0.9708
    0.3099    0.8709   -1.6412   -0.0174
   -1.1979    0.1483    1.5001    0.3351
   -0.5007   -0.3261    0.0184    0.1936
   -1.6738   -0.1097   -0.0909    1.4693
   -0.9836    1.3194   -2.0816   -0.6756
    1.1575    0.6970    0.5925    1.3809
   -0.9303   -0.2404   -0.2717    0.1741
   -1.5924   -0.4304   -2.1720   -0.4001
    0.5549   -1.9588    0.3695    0.8110
    1.3669   -0.7991    0.5286    0.3139
    0.4391   -1.3574    1.5456    0.2525
    1.0433   -1.3760    0.2384    1.1075
   -0.7417    0.0082   -0.6668   -1.2653
    0.1427    1.4127    0.4296    2.1598
    1.1111   -1.3619    2.2562   -1.2835
   -0.8325    0.8707    1.8614    2.3274
    0.1314   -0.4490    1.5661   -0.0682
   -0.0936   -0.2489   -1.2676    1.4950
   -0.9050   -0.8559    1.5760   -1.3718
   -0.0287   -0.3139    1.0980   -0.3109
    0.9050    0.1646    2.6893   -1.3699
   -1.7717   -1.2411   -0.0918   -1.2748
    0.2339   -0.9506    1.1877   -0.3047
   -0.5619   -1.1297   -0.5806    1.5168
    0.3920    0.6526    0.0801   -1.1060
   -0.0820   -0.8243    0.6322    2.9565
    0.6162   -0.2050    1.7425    1.1631
   -0.5832    0.1223    0.2976    0.5959
    0.3010    0.2222   -0.4842    1.6471
   -1.7808    0.2102    0.4083   -0.7000
   -0.9520    1.4605   -0.5875    0.2304
   -2.1160    1.3932   -0.5132   -0.6652
   -0.0555   -0.3154   -0.0418    0.6247
    1.1587   -0.6247   -0.9838   -0.7209
    0.0916    0.1344   -0.4405    0.0209
    0.6192    0.3507   -0.0181   -1.3131
   -0.0142    0.6358   -0.4364    1.5737
    0.7206    0.4436    1.1311   -0.3353
   -0.1295   -0.7323    0.8648   -0.3117
    1.0075   -0.1611    1.5985   -1.5731
   -0.0914   -0.7576    0.2037    1.3364
   -0.0051    3.7276   -1.3308    0.6107
    1.1581    0.9982   -0.1563    0.4581
   -1.9281   -0.8373   -0.2461   -1.8226
   -0.1273   -0.1100    0.4537    0.5125
   -0.6257    0.0999    0.5731    0.1109
    0.8631   -0.8576    0.2563    0.7996
    0.5655   -0.6676   -1.6302   -1.1791
   -1.2533   -1.3934   -0.7440   -0.5732
    0.0827    0.2114   -0.1601   -0.4224
    0.2662   -0.3000    1.0455   -1.3359
   -2.5986   -0.2328   -1.1561   -0.1995
    0.1955    1.1394    0.1429   -0.6625
   -1.9318   -0.1993   -1.8587   -0.1409
   -0.1879    1.0109    0.7394   -0.4165
   -1.8440   -0.3032    0.7422    0.2075
    0.5832   -0.6742   -0.0984    0.3138
   -1.3268    1.6222    0.7266    0.0487
   -2.1183    0.8881    0.3570   -0.0476
    0.0151   -1.8126   -0.5613   -0.0230
   -1.7234    2.8591    1.3972   -0.7077
    0.4038   -2.2589    2.1369    1.9132
   -1.7564    0.0588   -0.1159    2.4321
    0.4159   -0.6425   -0.2135    0.5119
    0.0511   -0.9507   -0.2606   -1.8385
   -0.4660    2.0617   -0.9540    0.1933
   -0.0622    0.6884   -0.6514    0.7558
    1.6568   -0.8757    0.4279    0.1216
    0.6439   -1.3444    0.7737   -0.8605
   -0.0955    0.3854   -0.2221   -1.3263
    0.1801    1.3573   -1.7716    2.2518
   -1.5037    1.2073    0.2048    2.2291
   -0.2331   -1.6396   -0.3777    1.6524
   -0.9578    0.1836    0.3641   -0.3155
   -1.5623    1.0412   -1.0900    1.9667
   -1.9416   -1.2575   -0.2693   -0.5939
   -0.3998    2.2033    0.2237   -0.4263
    0.9221   -0.7835    0.2807    2.1342
    0.9140   -0.1181   -0.8338    0.1855
    1.5032    0.7408    0.8834   -0.4092
   -0.5563    0.0243   -0.2866   -0.3752
    0.1770   -1.3318    0.6774   -0.4343
    0.4308   -1.4702   -0.6597    0.8361
    1.0875   -0.2200    2.0468    0.5048
   -0.2374   -0.7903    0.4918    1.6793
   -0.0637    0.0642    0.9183    2.3867
   -0.1696    0.6771   -1.3778   -0.2058
    1.3556    0.2817    0.8416    1.5559
    1.6858    0.1859   -0.5928    0.8824
    0.9462   -0.5346    0.3769   -1.0567
   -1.3742    0.2547   -0.7729    0.7512
   -0.3994    0.2874    1.1774    0.1903
   -1.4956    0.8976    0.1554    0.7100
   -0.7455    1.2739   -0.7836   -0.2894
    1.1525   -1.8549    0.5929    1.8291
   -0.6222   -0.1871   -0.7609    1.4838
   -1.0431    0.7196   -2.3102    0.1069
    0.0301   -0.2935    1.1844   -0.7916
    0.1153   -0.0238    1.4671   -0.6768
   -0.9463   -0.5263    2.0181   -0.8490
   -1.3648    0.2364   -0.0797    1.0859
    0.1351   -0.8337   -0.3776    1.4254
    1.0150    0.2719    0.0416   -1.4466
    0.6593   -1.4661    0.3947    0.6370
   -0.6066    0.4783    2.0664    1.5950
   -0.6265    1.7731    1.3542   -1.0888
   -1.5952    0.6784   -0.0061   -0.0229
    1.1706   -0.0265    0.4425   -0.3579
    1.5564   -0.8499   -0.2560    0.3628
   -0.9439   -0.3390    0.6126   -0.7696
    1.3615   -1.5245   -0.1207   -0.7263
   -0.8637   -1.2062   -1.1928    0.1150
    1.9919   -0.0419    0.6044   -1.0229
    0.7356   -1.1388    1.0897   -0.3154
    0.6957   -1.5641   -0.9509    0.5975
   -0.0826   -0.8702    1.7861   -1.2108
   -0.6129   -0.6907    1.1911   -0.4977
    1.3149   -0.1174   -0.5806   -0.4119
    0.7276   -1.7803    0.7021    0.5811
   -0.6732   -0.5017    0.4370   -0.2203
   -0.1370    1.0013   -0.2617   -1.1180
   -0.0444    0.2919    0.5249   -1.1558
    1.9121    0.5537    0.5496   -0.3912
    0.2288   -0.5820    0.7924    1.0985
    1.5892   -0.0420   -0.2587   -0.6716
    0.5256   -1.6615    0.8705    1.1417
    0.4742    0.4220   -0.7947    2.6542
   -0.6231   -0.5950   -0.7033    2.9909
   -0.6132   -0.2429   -0.9454    0.3309
   -0.0316   -0.6672   -0.7239    0.1085
   -2.1542    0.5508    0.8822    0.8052
    0.2881    0.5324    1.7615   -0.5905
   -0.6553   -0.2743    0.6118   -0.5658
   -1.0120    1.1638    0.2191   -0.5540
   -1.4115   -0.8204    0.8142    0.8646
   -1.4804    1.5541   -0.1580    0.2602
    0.7038    1.3561   -0.5404    0.6170
   -0.3166   -0.6147   -1.5102   -1.2246
    0.5409    0.9525    0.8569   -0.1805
   -2.5967    1.1910    1.2898    0.6476
    0.5374    0.4116    0.9345   -0.6424
   -0.6349    0.8478    1.3325    0.1859
    1.1273   -0.3860    0.6716   -0.5889
    1.1587    0.1710    0.3873   -1.5103
    0.2118    0.2026   -0.7756    2.5890
    0.1120   -0.6666   -0.2402   -0.6807
   -0.6632   -0.7634    0.1555   -0.6271
    0.3907   -0.5797    1.7885    1.2027
    0.4573    1.8386   -0.9084    0.1450
   -0.6585    0.2686   -0.2329    2.7919
    1.5616   -0.9122    1.7402    0.1861
    0.4318   -0.5106   -0.5778   -0.8082
   -2.1181   -0.4664   -1.4793    0.2066
    0.7173    1.5938    0.3540   -0.1030
   -2.1414   -1.5138    0.6635    0.2669
    0.1466    0.8411   -0.7473    0.5607
    1.5668   -0.3868   -0.3014   -0.0547
    0.2463    0.2768   -1.0013   -0.5007
    0.4094    1.9015    0.6195   -0.7175
    1.0224    0.9153   -0.4967    0.4636
   -0.9119    2.0129    1.4841   -0.2239
