1.6618   -0.7376    0.2116
    0.8317   -1.0796    1.0382
   -0.3575   -0.4518    1.2610
    1.9046   -1.2790   -1.3639
   -0.4405   -1.5190   -0.1669
    0.9240   -1.2290    1.8645
    0.2154   -0.6756    0.0870
    0.6276    0.4684    0.4412
   -0.2955   -0.6005    0.0889
    1.7340    2.4034   -0.3516
    1.0708    0.5925   -0.3736
    1.1451    0.2680   -0.9619
    1.3317    0.5528    1.4200
   -1.1130    0.7157    0.4760
    0.8271    0.1710    0.0629
    0.7076    1.0865   -2.0538
   -0.3280   -0.1640    0.9660
   -0.0033    0.3053   -0.5654
    0.0899   -1.1635    2.8610
    0.2529   -0.0381   -0.7203
    0.7375    0.4642    0.7676
    0.9534    0.3751    0.7264
   -0.5290   -1.5222    0.1132
   -0.3822    0.7947   -0.3058
   -0.9686    1.1483    0.3517
   -0.1828   -0.3984    1.2348
    0.9858    2.4552    0.9502
   -0.9464    1.0787    0.6131
   -0.0933    1.0403   -1.9239
    0.1308    0.2217    0.8857
    1.2618    3.9970    1.2412
   -2.1136    0.2818   -0.6977
    1.0781   -0.8137    0.2238
   -0.0509   -0.6330   -1.3283
   -1.2241   -0.2182   -0.3719
    1.3632   -0.3348   -1.1484
    0.9179   -0.0320   -0.3853
   -0.4379   -0.8343   -0.1826
    0.2254   -0.5433    0.4312
   -0.0292    1.3052   -0.7980
    0.6118   -1.0698    0.3444
   -0.3785   -1.2983    0.0194
   -1.1511    1.1522    0.8684
   -0.1930   -1.3260   -0.2282
    0.1886    0.2385    0.4186
   -1.8487    1.7117   -0.7869
    1.1410    4.2677   -0.6586
   -1.6360   -0.5404   -1.1819
    0.9021    0.6166   -0.5300
    0.6236   -0.6853   -2.1447
    0.4431    1.4391    0.7597
   -0.9442    0.7992   -0.5793
   -0.1598   -0.3519    0.4429
    0.7539    0.3319    0.0956
    0.0632    0.0972   -0.2133
    0.1975    0.4103   -1.8641
    0.8229    2.4028   -2.4335
    0.7807   -1.6867    1.2416
    1.2400    0.8377   -0.2835
    0.2516    0.2540   -1.0557
   -0.2979   -0.6411    0.5195
   -1.4539    2.3749    0.8136
    0.8291   -1.3325    0.4665
   -1.3003    0.9878   -1.5298
   -0.0561   -0.9175   -1.0228
    0.3229    1.2502    0.7284
   -1.6539   -0.0434   -1.1402
    0.4836    1.5686    0.6095
    1.6147   -0.4205   -2.0904
    0.1850   -0.5538    1.3786
   -0.5459   -0.8480    0.2370
    0.8732   -1.3162   -0.3585
    1.5058    0.1584   -0.0132
   -0.3244    0.1371   -1.0987
    1.7070    0.1256    0.5920
    0.0104   -0.4898   -0.6611
    1.4427    0.7194    1.1734
    1.0350    0.2306   -0.5193
    0.3280   -0.3866   -0.5727
    0.2592    0.4932    0.6514
   -0.2047   -0.6796    1.6720
    0.5422    0.4693   -1.7523
    0.4652    0.4133   -0.0653
   -0.9560   -2.0075   -0.4744
    0.2834   -0.6970    0.4088
    1.7939   -1.9033   -0.7426
   -1.5333   -0.4126   -1.7659
   -0.4341   -0.8870    0.5527
   -0.0493   -1.6476   -0.1573
   -0.5832   -0.6724   -0.5694
    0.6493    0.1091    1.3154
    1.6119    0.5725    0.2344
    0.8125    0.8484    0.5977
    0.0526   -0.7250   -0.2778
   -1.8823    0.2823    0.6269
    0.7714    0.4056    1.8351
   -0.0389    0.2750    1.0044
   -0.3360   -0.6775   -0.8250
   -2.8794   -0.0203   -0.3721
   -2.2906   -0.6523   -0.0203
    0.5550   -0.5205    0.0955
   -0.5921   -0.2786    0.2246
   -0.8921   -0.9391    0.2187
   -0.2607    0.5971    0.1645
    0.8059   -0.7425   -1.3400
    0.8700    0.1253   -1.0974
    0.7481   -0.7285   -1.5475
    0.7179    0.4114    0.4590
   -1.7496    0.0775   -0.4875
    0.5535    0.2944    0.0832
    1.5664    0.4943    0.8867
   -1.0420   -0.7837   -0.2974
    0.5937   -0.9566    0.4701
   -0.1387   -1.2430    2.0923
    0.6177    0.4696   -1.1020
    0.2818   -0.1883   -0.3493
    0.6509    0.5510    0.7844
    0.8780    0.8261   -1.2462
   -0.2913   -1.9403   -0.0357
    0.2109   -0.7343   -0.1488
    1.3351    0.1729    1.4447
   -0.0143   -0.5869   -0.8473
    1.2926   -0.0890   -1.2544
    0.8178    0.0747    1.5133
   -0.3210    0.3641    0.7064
    1.5240    2.4700    1.6963
   -1.5135    0.9596    1.1245
    0.7503    1.7600    0.8580
   -0.2599   -0.4807    1.1569
    0.4877    3.0121    0.6147
    1.1185    0.6027   -0.8095
   -1.2034    1.5085    1.2592
    0.3044   -1.3734   -1.0297
    0.6918    1.2704    1.1094
   -1.0302    0.3541    0.2557
    1.0924   -0.1532   -1.2426
   -1.6802   -0.5952    0.8398
   -0.0787   -0.1218    0.0627
    0.3337   -0.9479   -0.0542
    1.5657    0.9879   -0.4590
   -0.0818    1.5030   -0.6399
    0.0796   -0.4696    0.4410
   -2.4431    0.7400    0.2219
   -0.2052   -0.9840   -1.1049
    0.5760    1.3475    0.4167
    0.0642   -0.7356    1.4596
   -1.3351    0.2221    0.0233
    0.1097   -0.5521    1.6803
    1.5557    0.8731   -1.6214
    0.7363    0.4160   -0.5408
    0.0229   -1.6051    0.0285
    0.8867   -1.1987   -1.2916
   -0.8064    0.2356   -1.1481
   -0.5099   -0.2447    1.9537
    1.3763    0.5385    0.6836
    1.0449    0.3070   -2.2243
   -1.1526    0.0409   -0.6135
    0.9645   -0.6664    0.9506
    0.8323    0.1364    0.9588
    0.5886   -0.7823   -0.3273
    0.4280   -1.1611   -1.3037
    0.7844   -0.6875    0.8892
   -1.5660   -0.9322    0.2733
   -1.8138    1.2843    1.0330
    0.1825   -0.0606    0.1492
    0.2051    0.5740   -0.3094
   -1.5204    1.6858    0.1488
    0.7481   -0.1594   -0.8162
    0.3109    1.1741    0.2922
   -0.6353   -0.7685    0.1100
    0.3958    0.0781   -0.3872
    0.5140   -0.7433   -1.7197
   -0.3583   -0.4765   -1.7036
    0.1448   -0.1212   -1.1027
    0.1113   -0.4144    1.6237
    0.9269   -0.8651   -2.0057
   -0.2137   -1.1669   -0.4084
   -0.0617   -1.3479   -0.3211
   -0.9141    0.5119    0.1443
    0.9509    1.3306   -0.1098
   -0.5080    0.8113    1.3383
   -0.9346   -0.2330   -2.0425
   -0.8455    1.7474    1.1785
   -0.9053   -0.3542    0.0672
   -0.0572   -1.5839   -2.8865
    0.8567   -1.1709   -0.4492
   -1.7871   -0.4116    1.3260
   -1.7099    0.2238    1.6453
   -0.4794   -0.5551    0.8106
   -0.8190    1.6692   -0.2377
    1.3673   -0.3218    1.2710
    1.8520    0.3959    0.1558
    0.6760    1.4542    0.2906
    0.3687   -0.0279    0.2367
    0.2363   -0.4066   -0.0235
    1.1620    0.6506    0.8303
    2.2613   -0.6329    1.2756
   -0.8035   -0.8453   -0.3986
    0.7851    1.8257   -2.5203
   -0.1965    0.7588    0.1114
   -0.4057   -0.8994    2.0431
    0.2133    0.4134    0.7656
   -0.7015   -0.2226    0.7394
    0.2196    1.1364   -2.0247
    0.9495   -0.4021   -0.9130
    1.2817    1.6312   -2.2010
    1.9712   -1.4504    0.2028
    1.2980    0.6106   -2.4357
    1.5591    0.4015   -0.8139
   -1.3936   -0.2070    1.3085
    0.1781   -0.0830   -0.0764
   -0.5688    0.1127    0.1174
   -0.6743   -0.4593   -1.2180
   -1.9952    0.3882    1.2234
   -1.0141   -1.0449   -1.0056
   -0.9513   -0.4101   -1.7698
   -1.9085   -0.7446   -0.4915
   -0.0289   -0.8560   -2.4719
    0.8380    0.8649    1.2079
   -0.9224    0.7902    0.8428
   -1.0680   -0.6387   -0.8410
    0.3497   -0.4872    0.1792
   -0.4339   -0.7525    0.2505
    0.9628    0.6040    0.1645
    1.0109   -1.2671    0.7066
    1.3845   -0.2654    0.2448
   -0.3202    0.6414   -0.0622
    0.3983   -0.9963    0.3864
   -1.3718   -1.6176   -0.5292
   -0.4381   -1.4838   -0.8314
    0.4197   -1.1267   -1.2350
   -0.0604    0.2821   -0.4196
   -0.9163   -0.1393   -0.1797
    0.7410    0.1824   -0.2753
    1.2063    0.5204   -2.0743
   -1.2367    0.0051   -0.3547
    0.4513    0.1942    0.5600
    0.1990    0.4852   -1.5704
   -1.6951    1.6632    0.1931
   -0.7915    0.4943    0.0172
   -0.0581    0.0722   -1.0794
    0.5334   -1.0037   -0.1927
   -1.1946    0.9681    1.7565
    0.4460    0.1030   -0.6121
   -0.5455   -0.9302    1.0422
    1.5275    0.5037   -0.2595
   -2.3319   -1.3547   -0.1158
    1.1975   -0.5620   -0.9039
    1.6078    1.3149    0.4431
    0.7893    0.0373    0.3881
    0.6158   -0.4863    1.8931
    1.4034    0.0365   -1.5501
    0.8609   -0.0098    0.2427
    0.6235   -0.8201    0.2402
    0.2462    0.3815    0.3678
   -1.0085   -0.2333   -0.4194
   -0.3355   -0.7099   -2.2542
   -0.0429   -0.9828    0.6409
   -0.7490   -0.3353    0.3147
    0.3778   -0.3417    0.7451
   -0.7255   -0.0032   -0.0969
   -1.3427    1.4137    1.7534
    1.4040    3.5276    0.0011
   -0.1044   -0.8289    0.9501
    0.8254    1.6037    0.3544
    1.1914    0.1484   -0.3670
   -0.6729   -0.8042    0.9543
   -0.1945    0.1702    0.8578
    0.5375    0.6031    1.2501
    1.4871    0.4554   -1.1361
   -1.2674    0.8451   -0.9059
    1.4148    0.6664    1.1352
    0.9195    3.1988    1.1108
    1.1632   -1.3495   -2.1237
   -0.1094   -0.9682   -0.6185
    0.9434    0.1924   -0.9312
   -0.7166   -0.8415   -0.5781
   -0.7178    1.1485    0.6151
    0.0579    0.0889   -0.4884
    0.1125   -0.6591   -1.0240
   -1.0839    1.2561    0.0523
    0.4383   -1.3076    1.6354
    1.1311    0.6504    0.2167
   -0.6203    0.1459    0.0393
   -1.5882    1.9357    1.0657
   -0.0851   -1.4580   -1.4282
    0.6758    0.0031    1.3648
    1.9384   -0.3234    1.5466
    0.7391    2.9285   -0.8956
    1.0768   -0.1272    1.5314
   -2.5393    2.1989   -2.2325
    0.8651    0.1886    0.2928
    0.8577   -0.9681    1.0884
    0.9809    0.3024    0.6429
   -1.5344   -0.2207    1.0071
    0.6151    0.4623   -1.6242
    1.3842    0.8628   -2.7800
   -0.1951   -0.0327    0.8315
    0.3059    0.1334   -0.9235
   -1.1975   -0.3275    1.5337
    0.1385   -1.3841   -1.7042
    0.4612   -0.8010    0.2513
   -0.1724   -1.5855    0.8213
   -1.4829    0.0932   -1.9209
   -0.3675   -1.3760   -1.4484
    0.4489    0.0535   -0.4673
    1.0877    0.2783   -1.7067
   -0.8784   -0.1944    0.9588
   -0.1344   -2.1010    0.8558
   -0.7997    1.0258    0.3654
    0.7466    1.1755   -0.6745
    0.4474    0.4424    0.7486
    0.8333   -1.4385   -1.9423
   -2.5798   -0.3773    0.0567
   -0.0906   -0.6125   -0.2805
   -1.0453    0.3754   -0.1767
   -0.6163   -1.5851    0.3871
    0.5938   -0.5535    0.0185
   -0.8739    0.1860    0.6636
   -1.5717    0.2286    1.3705
   -0.3338    0.0667    0.2344
    0.9785    0.4228    1.1248
   -2.0732   -0.4899   -0.6835
    0.4624    0.4346   -0.9813
    0.6905    1.6612   -0.6685
   -0.6561   -0.6877    1.1687
   -0.6482    1.7006    0.1346
   -0.4561    0.7671   -0.9180
    1.0595    0.2716   -0.8624
    0.7236    0.8367   -0.3105
    0.5206   -1.3903    1.6123
    1.0239    0.9437    0.2250
    1.4832    1.0779    0.5644
    0.6148    0.0535   -0.3750
    1.4249   -0.8560    1.1160
    0.8383    0.3495    0.7617
    0.0568   -1.5102    0.1074
    0.3912    2.7007   -0.4994
    0.0027    3.3071   -0.7493
   -1.1644   -0.0547    0.2029
    0.6048    0.1276    1.5110
    0.4283   -1.0390    0.5888
    0.6572    0.4920    1.2975
    0.1077   -1.4353   -1.2741
    0.5041   -0.6677   -1.3494
   -0.9507   -1.1286    0.7260
    0.9579   -1.0522   -2.3691
   -0.6830   -0.6309    0.9177
    0.3615    0.1952    0.1651
    0.1205   -0.1240   -1.1249
    0.1788   -0.8754   -0.7419
   -0.8363    0.7996    0.2134
    0.5026   -0.6167    0.1573
    0.2010   -0.3944   -1.5450
    1.0750    1.4042   -0.6887
    1.4275   -1.6746    1.1100
    1.1927    1.5916    0.6138
    0.1981    0.0752    0.6671
    0.5876   -0.8038    0.8605
    0.0689   -1.5348    0.6428
   -0.7292   -0.5358    0.0555
    1.2475    0.4418   -0.0460
   -0.3984    0.3841   -0.4171
   -0.0989    0.3875   -0.2510
   -0.1371   -0.6890   -1.0595
    0.1503    0.9780    0.6839
   -0.4672    0.2796   -0.4960
    0.0395   -2.0178    0.8283
    0.9632    1.3116    0.7496
    1.4933    1.3737   -1.3810
   -0.2387   -1.0207   -1.2284
    0.3888    0.1118   -0.3304
   -1.0308   -0.6830   -0.4342
    1.7661   -1.4495    1.2624
    0.6563    0.4010   -0.2975
   -2.6831    0.7526   -0.2198
    0.9907    0.1151    1.4956
   -0.7353    0.5034    1.9963
    0.9818   -0.1617   -0.0040
   -0.2086    0.3372    1.9690
   -0.8450   -0.0565    0.5243
   -0.0003   -1.2855   -0.5102
   -0.6592   -1.3218   -0.0452
    0.3239   -1.0700    0.2022
   -0.9809   -1.6765    0.8089
    0.8137   -0.3043    1.5075
    1.1322    0.2825    0.3415
   -0.5561   -0.2526   -1.4306
   -0.2604    0.0157   -0.8874
    0.0103    0.2082    0.8122
   -1.0530    0.1033   -1.1913
    0.5170   -1.0769    1.2398
   -0.7330    0.2812    0.4089
   -0.2771   -0.9371   -1.0870
    0.2128   -1.0757    0.1217
    0.9865   -1.5824   -0.4962
   -0.5396    0.6529   -0.6807
   -0.7753    1.0197    0.8329
    0.2128    0.2969   -1.3340
    0.4204    0.6049   -0.3635
   -1.1199   -1.4019    1.2567
   -1.3055    0.8078    0.5829
   -1.0480    0.3381    0.9643
    1.0876   -0.0553   -0.0988
   -0.5250   -1.1705    1.2313
    0.0466    0.1124    0.3053
   -0.4771   -0.0728    0.6881
   -0.8842    1.0475    0.6765
   -0.7331    0.6099   -0.7195
   -0.6110    1.1432    1.2112
   -0.9387   -0.3537   -0.1763
    0.6183   -0.7419   -0.5363
    0.7477   -0.4004    0.4780
    0.1711    1.3736    0.9089
   -1.6004    0.0816    0.6357
    0.0332    0.4004    0.2530
   -1.5996    0.9719   -0.7456
   -0.3071    1.2127   -0.3725
   -0.3514   -0.0181    1.1481
   -3.1841    2.5557   -0.7274
   -1.5181   -0.7867   -0.6035
    0.6172   -0.1403    0.6805
   -0.8676   -0.5647    1.3268
    1.3814    0.9150    1.7917
    0.4557   -0.4595    0.0036
    0.1230    1.2653   -0.3734
   -1.1900   -1.0689    0.3103
    0.8253    0.5792   -0.6364
    0.5034   -0.3786    0.4408
    0.0652   -0.4335    1.4663
   -1.0550    0.8391    0.4759
    1.4568   -1.1247   -0.0076
    0.5736    0.1537    0.7542
   -0.1157    0.2389   -1.0821
    1.6462    1.0181   -0.9924
    0.9860    0.6073   -2.4865
   -1.5800    1.7200   -1.7446
   -0.2075   -0.5168   -0.9330
    0.2030   -0.5219    0.4934
    0.2976    0.2978   -1.6827
    1.6960   -0.1409   -1.4214
   -0.6190   -0.6458   -0.0547
   -1.2243   -0.0006    2.1089
    0.2553   -1.3275   -1.0062
    1.3503    1.2505   -1.1863
    1.0022   -0.4310    0.2455
    0.4004    2.0509   -2.2143
    0.1572   -1.5383   -2.3244
   -0.1532   -0.0134   -0.0396
   -0.3036    0.0749    0.2972
   -0.7606    1.3570    2.3757
   -0.2117    0.3314   -0.0669
    0.5230   -0.0323    0.3703
    1.1339    0.8209   -0.5369
   -2.5210    0.5016   -1.2079
   -1.0077   -0.1867    0.4369
    0.4910    0.3581    1.1471
   -1.6166   -0.5919    1.9094
    0.2059   -1.7215   -0.2649
   -0.2632   -1.1446   -0.7478
   -1.2916   -0.7964    1.0064
    1.2454   -0.0355    1.8505
    0.5863   -0.1518   -1.3987
   -1.9844    1.3617    0.3370
   -1.5363   -0.2087    1.7008
    0.5455   -0.1111   -0.7509
   -0.4011    0.9523   -0.8679
    1.3014    1.4913   -1.4412
    0.8086   -0.2654   -2.4575
    0.8250   -0.4004   -0.1538
    0.9752    4.0606    0.0655
   -0.4178   -1.5667   -0.2562
   -0.6894   -1.1703    0.0815
   -0.4915    0.6650   -0.6243
   -0.1965   -0.7865   -0.8811
    1.6504   -0.6732   -2.0555
    0.5705    0.2896    0.3587
   -1.2331   -1.4413    1.3470
    0.0754    0.2034    0.4638
    1.3118    1.5500   -1.8650
   -2.0040   -1.9395   -0.7135
   -0.4509   -0.6824   -1.1526
   -0.6297   -1.4854   -0.4970
    0.3250   -0.2476   -1.1059
   -0.8338   -0.2935    0.2717
   -0.0355    0.1157   -0.9898
   -0.0401   -0.1983    0.1029
    0.3267   -0.7541   -0.3910
    0.2985   -0.2932   -0.8794
    1.0955    0.2657   -1.9636
    0.5685    1.0068   -2.6831
   -0.0158   -0.1133    0.6787
    0.6133    0.3097   -0.3205
   -0.4312   -1.5103   -1.9694
    1.7111    0.4123    1.4548
   -0.6975    1.3875    1.4581
    1.1373    0.3040    0.2055
    0.5659    0.0082    1.3726
   -0.0736    0.5815    0.1571
    0.3909    0.6229    0.5098
    0.0042    1.0941   -1.2958
    0.5374   -0.8895   -1.1357
   -1.4826    0.2149   -0.1417
    0.8000    0.0510   -1.0178
    0.1272   -1.2799   -1.2094
    1.1597    0.4287    1.0059
   -0.0844    3.1560   -0.9111
   -0.9114    0.6651   -0.2547
    0.6785    0.0234    0.1371
   -2.1169   -1.2158   -0.3855
   -0.8886   -0.3228   -0.2324
    1.3450   -1.5588   -0.1722
    0.2422    0.1698    1.0443
    1.2097   -1.3773   -0.4686
    0.8697    1.0481   -0.2529
    1.1093   -1.5744    0.7164
   -0.7000   -0.2408   -0.5539
   -0.1415   -1.9087   -0.1313
    0.6035    1.8262   -0.0658
    0.7375    0.0428   -0.0666
   -0.7925    1.3371    0.2042
   -0.5876    0.3958    1.4680
   -0.7287    1.9642   -0.4554
    2.4843   -1.5753    0.9843
   -0.9722   -1.2803   -0.3493
    0.2490    0.1661    0.2050
    0.6215    1.8340    1.4609
   -0.3536   -0.3414    0.2799
    1.2154   -0.6410    0.5920
    0.1887   -1.6308    1.1371
   -1.6451    0.4566   -0.0726
   -1.6339    1.0654    0.8541
   -0.7964   -0.9305   -0.6583
   -0.1676   -0.7242   -1.0828
   -1.2402    0.1204   -0.3567
    1.3567   -0.2580   -0.9589
    0.4842   -1.1647    0.6161
    0.5693   -0.7436    1.6725
   -0.0287   -1.5523   -0.3675
   -1.0298   -0.7803    1.7391
   -0.3737   -0.2140   -1.0820
    1.0276    0.0878    0.4482
    0.6596   -1.0506   -2.1123
    0.3483    0.8846    1.2930
   -0.3072   -0.5708    0.3541
   -1.6932   -0.5838    0.5762
    1.0592    0.0042    0.1151
    1.4014    0.8789    0.9665
   -1.3291   -0.7132   -1.8815
   -0.4605    0.3993   -0.3068
   -1.3889   -0.5093   -1.8535
   -0.6369   -1.6643    0.4960
   -1.9535    0.9877   -1.1310
   -2.2654   -0.7189   -0.1173
   -0.3348    0.4473    0.2432
    0.7588    1.2278    0.1798
    1.5784    2.7358    0.5486
   -0.7201    0.7006    0.5283
   -0.4241   -0.6640    0.4552
   -1.6403   -0.9005   -1.4702
    1.1112    0.6730   -0.3781
    0.6573   -1.0389   -0.3005
    1.7006   -1.5309   -0.8844
   -0.2354   -1.0643   -0.0397
    1.3823    0.6633    0.0157
   -0.4800   -1.4123    1.2663
   -0.9182    1.5845    0.9782
   -2.1649    0.3732    0.0060
   -2.2976    0.7756   -0.0031
   -1.5365   -1.1803    0.5611
   -0.4460   -0.3531    0.2639
   -0.7753   -1.4604   -0.0631
   -0.0181   -0.8339   -0.0947
   -2.5647    1.0104   -1.3239
   -0.0928   -0.4538    0.6935
   -0.5856    0.3201    3.3574
    1.6666   -0.7539    0.3102
    0.3023    1.6681    0.5191
   -1.0020    0.0919   -0.4065
   -1.6840   -1.7974    0.6751
    0.3427   -0.8825   -0.6259
    0.3099   -0.9158   -0.1177
   -0.9508   -0.6700    0.4759
    0.0202    1.0313   -2.2680
   -0.7218    0.5027    1.2424
    1.2198   -1.3745    1.2670
    0.5721   -0.8518   -0.2850
   -1.7262   -1.8300   -0.8514
    0.8520   -1.7862    0.0484
   -2.6686   -1.7376    0.4514
    0.5716    0.3517    0.5724
   -0.2776    0.4573   -1.0868
   -0.3599   -0.4665    0.6034
    0.6646   -0.0296    0.4028
    0.7285   -0.0099   -1.3950
    0.9597   -0.8533    1.0682
   -0.3266   -1.0111   -0.0290
    0.6063   -0.5560   -0.0598
   -0.3693    1.3930    1.4304
    0.1742   -0.7150    0.5802
   -0.9395   -1.5931    1.8036
   -0.8856    1.2278   -0.0598
    1.0929    0.5627    0.3568
    0.1182    0.6996   -0.1823
   -1.6425    1.1998   -0.3498
    0.2943    0.5279    0.6951
   -0.1033   -0.8740   -0.6598
    0.5648   -0.2925   -0.5746
   -0.7636   -0.3218    0.5331
   -1.6200    0.9081    0.7823
    0.6349    0.2572    1.6959
   -0.0506   -0.7238    0.7361
    0.2728   -0.1624   -0.7956
    1.0014   -0.3882   -0.9970
   -0.2394   -0.6989   -0.2925
   -0.1191    0.6160    0.8378
   -0.3593   -0.5564    0.1757
    1.2348    2.4490    0.2075
    1.3988   -0.6183    0.1205
   -0.4806    0.0226   -0.7338
    0.4936    0.4312    0.6919
   -1.6121   -0.4744   -1.5725
   -0.4886    2.4980    0.0563
   -2.1257    0.3571    0.2383
   -2.0470    2.5878    0.3950
   -1.4833   -0.5616   -0.5792
    0.0481    0.8216    0.6686
   -2.3382    1.7154   -0.3345
   -0.2833    0.4896    0.6274
   -0.9223    0.6483   -1.0681
    1.6877   -0.5895    0.5704
    1.3643    1.9843   -0.2118
    1.2627    0.5294   -1.1963
   -0.2726   -0.3218   -1.4872
   -0.7305   -2.0069    0.1857
    0.5139   -0.3585    0.3215
   -0.1250    1.0813   -2.1697
   -0.0515   -1.5184    0.6420
    0.5237   -1.3791   -0.0508
   -0.5789   -0.4458   -1.2307
   -2.0024   -1.3511   -1.8036
    0.0383   -0.0046   -0.0566
    0.9205   -0.1534    0.9598
    1.3338   -0.6957   -1.2533
    1.1858   -0.0883    0.5898
   -0.8355    1.3634   -1.7270
   -1.0898    1.0283    0.2202
    1.2337   -0.8673   -0.1962
   -1.3093    0.4760   -3.2022
    1.2925   -0.0170    2.2477
   -0.3443    1.1164    1.9353
    0.3395   -0.3264   -1.8356
    0.6915    0.6519   -0.0985
   -1.3657    2.2897    1.2253
    0.1451   -0.5548    1.1752
    0.7929    0.1952    0.0210
   -0.0776   -0.2663   -0.5868
   -1.6656   -0.3707    1.5786
   -2.3572    0.8390   -0.7895
   -0.5129   -0.3740   -0.0289
   -1.5658    1.1985    1.2520
   -0.2837    0.2130   -0.3094
   -0.7541   -0.5887    0.0914
   -0.3468   -0.2168    0.2975
   -0.2598    0.0309   -2.1120
   -2.0825    0.5333   -0.6385
    0.5776   -0.1432    0.1763
   -1.3366   -0.4277    1.8197
   -0.3422   -0.2472   -0.9253
    1.0284   -0.3432   -0.4989
    1.2893   -0.6732   -0.4961
   -1.1906    0.1488    0.3001
    1.0819   -0.7868    0.1105
   -1.2489    1.2679    0.2263
    0.0523    1.5128    0.4413
    1.0434    2.1945   -1.0313
   -0.0448   -0.6192   -1.0687
    0.5397    1.1244   -0.4124
   -0.1192   -0.3062    0.0808
   -0.8202    1.5553    0.2705
    0.0988   -1.4070   -1.0353
   -0.4939   -0.5687   -0.0256
   -0.5598    0.8086    0.2068
    0.8145    3.3741    0.6932
   -0.6454   -1.4101   -0.4624
    0.8539    0.5583    0.5769
   -2.3473    0.6919    0.1356
    0.5049   -0.6516    0.2018
   -0.2753    0.0819    0.5282
   -0.7528   -0.1552    0.0847
    0.0704   -0.3587   -0.6462
   -0.8813    0.9355   -0.7117
   -1.8410   -1.0761    0.3514
    0.6991    1.3958    1.0569
    0.8577   -0.3625    0.1978
   -1.3033   -0.6942   -0.3988
    1.0479    0.7287    1.1764
    0.1353   -0.8679   -0.5373
   -1.0570    1.7783    0.8591
    0.0854   -0.1903    0.2158
    0.7289    1.3284   -0.4189
    0.3158    0.6478    1.1872
   -1.2692    0.9826   -1.5529
   -1.0895   -0.0546   -0.1629
    0.6012   -1.6189    0.7178
    1.2372    0.5698   -2.3797
    1.6868    0.3965    0.7265
    1.5598    0.3519    1.4565
   -0.1621    0.7374    0.0921
    0.4243   -0.2631   -0.6361
    0.1421    2.8894    0.4817
    1.0844    0.3249    1.8082
    0.3435    0.9210   -0.3424
    1.3140   -0.3283    1.0656
   -0.0851   -0.5946    0.0945
    1.1864   -0.3195   -0.0410
   -0.1223   -0.1678   -1.7393
    0.5751    1.1143    0.1979
    1.2129    0.4824    0.2626
    0.1853    0.6564    2.0336
    1.1838    1.9180   -0.1212
    0.5354    0.1230   -0.3209
    0.1217    0.2045   -0.8291
    0.0021   -0.3865    1.3191
    0.3311   -0.5195   -0.7831
   -1.6163   -0.3533    0.6524
    1.9899   -0.7810    0.6678
   -0.0759    0.2119   -0.1987
   -0.0342   -0.6565   -0.5445
   -1.8264   -0.7851   -0.4608
    0.8515   -1.6347   -0.1043
   -2.7187    0.6009   -1.0032
   -0.3039   -1.5216   -0.4490
    0.4071   -0.1217    0.0764
    0.4587   -0.6985   -1.4278
    0.3570    0.4102   -0.1119
    0.4253   -0.0073   -0.5723
    0.7386    1.1031    1.8593
   -0.6985   -0.8520    0.2235
    0.2479   -0.7802    0.2672
    0.1107    0.9823   -2.8439
   -0.6745    0.2544    0.3557
   -0.3748   -1.0449   -0.1531
   -0.5425   -0.7312    0.4112
    0.2929   -1.2501   -0.3438
   -0.4562    0.3507   -0.1705
    0.0481   -0.5536   -0.0833
    0.4238   -0.7764   -0.5062
   -0.4670    0.4477   -0.1577
   -1.4610    0.8378    1.4004
    0.2015   -1.0263    1.8990
    0.5466   -1.1634    0.7626
   -0.3488    0.0898   -1.1284
    0.9846   -0.8192    1.2008
   -1.0594   -1.2188   -0.6766
   -0.2234   -0.1060   -1.0151
   -0.8245   -1.2567    0.1817
   -0.9950   -0.8177    0.3401
    1.3544    0.8053    0.3476
    1.2469   -0.6009   -0.8332
    0.1952    0.2990   -0.2264
   -0.4765   -0.2839    0.3372
    2.0626   -0.7482   -0.1224
    0.9270    0.0489   -0.1914
   -0.3620    1.0098    1.2102
   -0.2337    0.1893   -1.8367
   -2.0744   -0.4055    0.0478
   -0.0684   -1.5540    0.7502
    0.4863   -0.3385   -0.2237
   -1.2687   -0.5357    0.4624
    0.3537   -1.0855   -0.6834
   -1.7063   -0.6053    1.3818
   -0.6573   -0.3395    0.6631
   -0.1027   -1.0324   -0.6516
   -0.7374   -0.9362   -1.0798
    1.4733    0.5017    0.2254
   -0.2727   -0.0346   -0.0665
   -1.3668   -1.3712    0.7640
    1.1523    1.3854   -1.1100
    0.1830   -0.0719    0.5213
   -0.2892   -0.6815   -0.0624
   -1.0277    2.3304    1.8668
   -0.1572   -1.1350    0.4577
   -0.4279   -0.8446   -0.7050
    1.5942    0.7888   -0.2173
    1.9836   -0.1732    1.0309
    0.0956    0.5412   -0.8978
   -0.0668   -1.4568    0.2885
    0.5962    0.5781   -0.6953
    0.1834   -0.6323   -0.4934
    0.4102   -1.1462   -1.2385
   -1.3351    1.3499    0.8080
   -0.1004   -1.6448   -0.3711
    0.4197    1.8047   -2.8093
   -0.6673   -0.1551   -0.0067
   -2.0544   -0.5212   -0.1328
   -0.0605   -0.0971    0.6940
   -1.7221    1.0317    0.4974
    0.7368    0.4186   -0.6685
    1.2840   -0.0952   -0.7037
    0.5729    0.2317    0.1632
    0.3249    1.0037   -0.1615
    1.3838   -1.0131    0.2615
    1.4681    0.2977    0.8674
    0.2868   -0.7463   -1.2138
   -0.3551    0.2027    0.4643
    0.5779    0.4098    0.4533
   -0.1934   -1.4416    0.5958
    1.2013    1.6937    1.6412
   -0.5335    0.1584   -1.5759
    0.5448    0.1347   -0.8390
    1.7163   -0.1781   -0.5428
    1.2090    0.4642   -0.1356
   -0.8194    0.3352   -0.5318
   -0.5781    1.5520    0.3724
   -0.3674    0.6550   -0.9498
    1.1690    0.1737    0.8644
   -1.7991   -0.8437   -0.9414
   -0.4209   -0.1726    1.1176
    1.4259    0.7932    0.4730
   -1.7271   -0.3868    0.7893
    0.3249   -0.1328    1.4663
    0.2749   -1.1109   -0.8489
    1.4499   -0.5492   -0.4885
   -1.8754   -0.1943   -1.0228
    1.6535    0.6715    1.3042
    0.1327   -0.6450    0.0312
    1.6707    0.3745    0.1164
    0.7430   -0.7495    0.1816
    1.0950   -0.2611   -0.9790
    1.0672   -0.9252   -0.1933
    0.1472    0.9776   -0.0382
    0.4483    0.3285    1.9195
    0.8994    0.0502   -0.6437
    1.1764    1.0352   -0.9531
    1.5721   -0.8071   -0.2527
    0.3204   -0.1292   -0.4056
    1.9429    0.2400   -1.2195
    0.8097    0.6146   -1.6669
    0.3099    0.8709   -1.6412
   -1.1979    0.1483    1.5001
   -0.5007   -0.3261    0.0184
   -1.6738   -0.1097   -0.0909
   -0.9836    1.3194   -2.0816
    1.1575    0.6970    0.5925
   -0.9303   -0.2404   -0.2717
   -1.5924   -0.4304   -2.1720
    0.5549   -1.9588    0.3695
    1.3669   -0.7991    0.5286
    0.4391   -1.3574    1.5456
    1.0433   -1.3760    0.2384
   -0.7417    0.0082   -0.6668
    0.1427    1.4127    0.4296
    1.1111   -1.3619    2.2562
   -0.8325    0.8707    1.8614
    0.1314   -0.4490    1.5661
   -0.0936   -0.2489   -1.2676
   -0.9050   -0.8559    1.5760
   -0.0287   -0.3139    1.0980
    0.9050    0.1646    2.6893
   -1.7717   -1.2411   -0.0918
    0.2339   -0.9506    1.1877
   -0.5619   -1.1297   -0.5806
    0.3920    0.6526    0.0801
   -0.0820   -0.8243    0.6322
    0.6162   -0.2050    1.7425
   -0.5832    0.1223    0.2976
    0.3010    0.2222   -0.4842
   -1.7808    0.2102    0.4083
   -0.9520    1.4605   -0.5875
   -2.1160    1.3932   -0.5132
   -0.0555   -0.3154   -0.0418
    1.1587   -0.6247   -0.9838
    0.0916    0.1344   -0.4405
    0.6192    0.3507   -0.0181
   -0.0142    0.6358   -0.4364
    0.7206    0.4436    1.1311
   -0.1295   -0.7323    0.8648
    1.0075   -0.1611    1.5985
   -0.0914   -0.7576    0.2037
   -0.0051    3.7276   -1.3308
    1.1581    0.9982   -0.1563
   -1.9281   -0.8373   -0.2461
   -0.1273   -0.1100    0.4537
   -0.6257    0.0999    0.5731
    0.8631   -0.8576    0.2563
    0.5655   -0.6676   -1.6302
   -1.2533   -1.3934   -0.7440
    0.0827    0.2114   -0.1601
    0.2662   -0.3000    1.0455
   -2.5986   -0.2328   -1.1561
    0.1955    1.1394    0.1429
   -1.9318   -0.1993   -1.8587
   -0.1879    1.0109    0.7394
   -1.8440   -0.3032    0.7422
    0.5832   -0.6742   -0.0984
   -1.3268    1.6222    0.7266
   -2.1183    0.8881    0.3570
    0.0151   -1.8126   -0.5613
   -1.7234    2.8591    1.3972
    0.4038   -2.2589    2.1369
   -1.7564    0.0588   -0.1159
    0.4159   -0.6425   -0.2135
    0.0511   -0.9507   -0.2606
   -0.4660    2.0617   -0.9540
   -0.0622    0.6884   -0.6514
    1.6568   -0.8757    0.4279
    0.6439   -1.3444    0.7737
   -0.0955    0.3854   -0.2221
    0.1801    1.3573   -1.7716
   -1.5037    1.2073    0.2048
   -0.2331   -1.6396   -0.3777
   -0.9578    0.1836    0.3641
   -1.5623    1.0412   -1.0900
   -1.9416   -1.2575   -0.2693
   -0.3998    2.2033    0.2237
    0.9221   -0.7835    0.2807
    0.9140   -0.1181   -0.8338
    1.5032    0.7408    0.8834
   -0.5563    0.0243   -0.2866
    0.1770   -1.3318    0.6774
    0.4308   -1.4702   -0.6597
    1.0875   -0.2200    2.0468
   -0.2374   -0.7903    0.4918
   -0.0637    0.0642    0.9183
   -0.1696    0.6771   -1.3778
    1.3556    0.2817    0.8416
    1.6858    0.1859   -0.5928
    0.9462   -0.5346    0.3769
   -1.3742    0.2547   -0.7729
   -0.3994    0.2874    1.1774
   -1.4956    0.8976    0.1554
   -0.7455    1.2739   -0.7836
    1.1525   -1.8549    0.5929
   -0.6222   -0.1871   -0.7609
   -1.0431    0.7196   -2.3102
    0.0301   -0.2935    1.1844
    0.1153   -0.0238    1.4671
   -0.9463   -0.5263    2.0181
   -1.3648    0.2364   -0.0797
    0.1351   -0.8337   -0.3776
    1.0150    0.2719    0.0416
    0.6593   -1.4661    0.3947
   -0.6066    0.4783    2.0664
   -0.6265    1.7731    1.3542
   -1.5952    0.6784   -0.0061
    1.1706   -0.0265    0.4425
    1.5564   -0.8499   -0.2560
   -0.9439   -0.3390    0.6126
    1.3615   -1.5245   -0.1207
   -0.8637   -1.2062   -1.1928
    1.9919   -0.0419    0.6044
    0.7356   -1.1388    1.0897
    0.6957   -1.5641   -0.9509
   -0.0826   -0.8702    1.7861
   -0.6129   -0.6907    1.1911
    1.3149   -0.1174   -0.5806
    0.7276   -1.7803    0.7021
   -0.6732   -0.5017    0.4370
   -0.1370    1.0013   -0.2617
   -0.0444    0.2919    0.5249
    1.9121    0.5537    0.5496
    0.2288   -0.5820    0.7924
    1.5892   -0.0420   -0.2587
    0.5256   -1.6615    0.8705
    0.4742    0.4220   -0.7947
   -0.6231   -0.5950   -0.7033
   -0.6132   -0.2429   -0.9454
   -0.0316   -0.6672   -0.7239
   -2.1542    0.5508    0.8822
    0.2881    0.5324    1.7615
   -0.6553   -0.2743    0.6118
   -1.0120    1.1638    0.2191
   -1.4115   -0.8204    0.8142
   -1.4804    1.5541   -0.1580
    0.7038    1.3561   -0.5404
   -0.3166   -0.6147   -1.5102
    0.5409    0.9525    0.8569
   -2.5967    1.1910    1.2898
    0.5374    0.4116    0.9345
   -0.6349    0.8478    1.3325
    1.1273   -0.3860    0.6716
    1.1587    0.1710    0.3873
    0.2118    0.2026   -0.7756
    0.1120   -0.6666   -0.2402
   -0.6632   -0.7634    0.1555
    0.3907   -0.5797    1.7885
    0.4573    1.8386   -0.9084
   -0.6585    0.2686   -0.2329
    1.5616   -0.9122    1.7402
    0.4318   -0.5106   -0.5778
   -2.1181   -0.4664   -1.4793
    0.7173    1.5938    0.3540
   -2.1414   -1.5138    0.6635
    0.1466    0.8411   -0.7473
    1.5668   -0.3868   -0.3014
    0.2463    0.2768   -1.0013
    0.4094    1.9015    0.6195
    1.0224    0.9153   -0.4967
   -0.9119    2.0129    1.4841
