-0.5295   -0.6646   -0.0803
    0.5295   -0.5355   -0.0050
    1.0223   -0.4103    1.5255
    0.0690    0.5620    1.2421
    0.0799   -1.2712    0.3960
   -0.6143    0.1256   -0.6627
   -0.4094   -0.0035    0.1740
    1.1869    0.1648   -0.1544
   -0.3936   -0.5305   -1.3511
   -0.1589    0.6667   -0.3284
    0.1480    0.0709   -0.3921
   -0.0046    0.8187    2.6715
   -0.1027   -0.5550   -0.7573
   -0.4852    0.0622   -1.0731
    0.8339    0.4123   -1.4392
   -0.6104   -0.1444   -1.4617
   -0.4529    0.8381   -1.2284
   -0.8837    0.2566    0.7853
   -0.0208    0.6655    0.1507
    0.8586    0.0987    0.9868
   -0.8966   -1.3730    1.7073
   -0.6058    0.0481   -1.9635
   -0.5781   -1.4015   -0.0417
   -0.9340   -0.8978    1.0276
    0.4699    1.1322   -1.4550
    0.2784   -0.0966   -0.1906
   -0.3401   -1.0071   -1.0359
   -0.2682   -0.1218   -2.0214
    1.1992    0.3437   -0.9376
    1.8487   -0.3351   -0.0529
    1.4092    1.2225    1.0254
    0.0959    0.3423   -0.7914
    0.4464    0.4319    0.1532
   -0.8953   -0.9646    1.7295
    1.5423   -0.7585   -1.0544
   -1.4687   -0.7947   -0.7882
    0.7886   -0.9509   -0.2807
    0.2717   -0.1434    0.0725
    1.1369   -1.3194    0.0308
    1.4454    0.2030   -0.0091
   -0.3666    1.1512    0.6697
   -1.0483   -1.5299   -0.5091
   -0.8760   -0.6139   -0.8301
   -0.5725    1.7063   -0.0128
    0.3908    0.1977   -0.0712
   -1.3255   -0.9160   -1.0399
   -0.8555    1.2564   -1.4159
   -0.5802   -1.2709   -0.5400
   -0.6296   -0.5989   -1.3024
   -0.3542   -1.6474    1.2718
   -0.1101   -0.5413   -1.3399
   -0.1198   -0.6292   -2.0292
   -0.5151    1.4724    1.1708
    0.2754   -0.2771   -0.4166
   -0.5265   -0.6766    1.4968
    0.6058   -0.8480    0.2271
   -0.5089    0.1074    0.2203
    1.6088    1.4624    1.0355
   -2.0336    2.7098   -1.7673
   -2.2579    1.3928   -0.7792
   -1.1213   -1.1962   -0.8851
    1.7107   -0.1578   -0.0871
   -1.2568   -0.4063   -0.6605
   -0.2779   -1.0651    0.4461
    1.1347   -0.8930   -0.2240
   -0.9734   -0.7168    0.3866
    0.2244   -0.5823   -0.8712
   -0.7437   -0.0091    1.1612
    0.9030    1.0998   -0.7319
    0.7966   -0.6249   -0.3430
    0.1963   -0.4679   -0.9358
   -1.4869   -0.1523    0.7179
   -2.2942    2.9920   -0.6711
   -0.0743   -0.3511   -0.0171
   -0.8500    0.5922    1.8593
    0.6802    0.6676    0.3059
    0.6080   -0.8865   -0.3581
    0.2913   -0.2008   -0.9449
   -0.0717   -1.7171    0.9021
    1.1206    0.9422    0.1469
    0.1232   -0.9347    1.0515
   -1.4601    0.0857    0.5778
    2.2415   -0.3624   -0.3201
    1.9249    0.3674   -0.4267
    0.6047   -0.9821   -1.3213
    0.2944   -0.3674    0.1746
    1.4844    1.3472    1.1722
    0.8112   -0.0354    1.5712
   -0.7137   -0.7124    1.1069
   -1.0627    0.6576    1.5411
   -0.2252    0.7337    0.6538
   -1.2850   -0.5943    0.1116
    0.3921   -0.8602    0.7085
    0.5685   -0.0064    0.9946
   -0.0264   -0.8127   -0.2251
    0.8271   -1.7614   -0.4525
   -0.8581   -0.6951   -0.7143
   -0.6291   -1.4521    0.4238
    0.0082   -0.3748   -0.2499
   -0.2023    0.5662    0.2422
    1.4463    1.6949    1.3912
    1.2715    0.3104    0.1637
   -1.1660   -0.6734   -0.0514
   -0.0110   -0.8415   -0.8044
   -1.5362    0.0090    0.7743
   -0.8109   -1.0375    0.3608
    0.4845   -1.3178    0.4822
    0.9678   -0.3051   -0.4772
   -0.9040    1.3064   -2.1825
    1.5149    1.0882    0.8363
   -0.6813   -1.1672   -1.5306
    0.7113    1.5704    0.5334
    2.5858    0.4887   -1.1178
   -1.7251    0.5499    0.6777
   -0.0654   -0.5410   -0.3814
   -0.1885   -1.5099    0.3371
    0.5169   -0.9844    0.6139
   -0.7635   -1.3729    0.1775
    0.7610   -0.1536    0.4474
   -1.3520    2.5083    1.1358
   -0.0340   -1.6682   -0.0067
    0.7587   -1.7318    0.0182
    0.6575   -0.7497   -1.1017
    1.4163    1.0937   -0.2571
   -0.2907    1.4270    0.8401
    0.6647    0.9674   -1.3122
    0.9932    1.3494    0.5570
    1.5476   -0.5765    0.5429
   -1.4189    1.7218   -3.8125
   -0.2012   -1.0696   -0.2974
    0.2361   -1.1485   -0.3920
   -1.1566   -0.6328    0.3997
    0.4854   -0.0440    1.5603
   -1.3418    0.5525   -0.3462
    0.1244    0.4749   -1.6328
    0.1224    0.3024   -1.0243
   -0.1098   -0.3960   -1.7418
   -0.9481    0.4914   -1.0231
   -1.1396   -1.3195    0.5741
    2.5020    0.0567    0.0389
   -0.4944   -0.0190   -1.7527
   -0.6152   -0.9958    1.1724
   -0.6618   -1.6135    2.0816
    0.2007    0.4212   -0.1991
    1.0782    0.8115    0.9058
    0.3817    0.2146    1.0514
    0.4127    0.2580   -2.5924
    0.0599   -1.2262    1.5812
   -1.2121   -1.8461   -0.0329
   -0.4665    1.4681    1.8461
    0.9089    1.8720    2.1382
   -0.6587   -0.2511   -1.5279
    0.7917    0.8875   -1.8288
   -1.0144    3.7077    0.0036
   -0.9264   -1.0406    0.0892
   -0.8655    0.5149    0.8440
   -0.0528    1.4373   -1.5773
   -2.2009    2.4489   -0.5352
    0.1588   -0.2418   -1.6767
   -0.4079   -1.5896    1.1716
    1.3191   -0.2673    0.3958
   -1.9394    1.8229   -2.0527
   -2.2736    2.9735    0.3545
    1.1982    1.7603   -0.1742
    0.0720    1.2567   -2.8576
    1.1412   -0.0465   -0.4819
   -1.0815    0.4746   -0.7918
   -1.7634    0.4121   -0.6737
    0.4362   -0.8455    1.3822
    0.3539   -1.4496    1.1021
   -0.2369   -0.6428   -0.0566
   -1.2533   -1.0931   -0.2924
    0.1803   -0.6218    0.5478
   -1.9551    2.0588   -1.4728
    0.1973   -0.8380    0.2588
    1.5863    0.9477    0.2002
    1.9764    0.4013   -0.0114
    2.6780    0.3564   -1.1095
   -0.5438    0.5721   -0.3189
    0.7818    0.7199    1.2983
    0.2263   -0.8100   -0.3927
    1.5802    0.4661   -0.4799
   -0.9019   -0.1196   -0.6969
   -1.3246   -0.6248   -0.3559
    0.4543    0.2029   -0.3371
    1.1353    0.3913    0.5254
    0.2755    0.3396   -0.8618
   -0.4460   -2.0174   -0.3031
   -0.6012   -1.6410    0.8837
   -0.9333    0.0452   -0.3615
    0.1985    0.3799   -0.9261
   -1.6050    0.0915    0.3932
   -1.2057   -0.1755   -0.3073
   -0.7117    1.6479    0.6592
   -1.9168    2.2504    0.0425
    0.2794   -0.5982    0.9718
   -0.4310    0.4905   -0.6413
    2.8791   -0.5009    0.2454
   -1.6382    1.5320    1.2210
    1.5861    0.9959   -0.0751
    0.2078   -0.4042    0.3174
   -1.5453    1.0634   -0.9048
   -1.9506    2.8453    1.2777
   -1.8382    0.9856   -1.5699
   -0.8492   -0.2871    0.2369
   -0.8859   -1.1496    0.5273
    0.4775   -0.1052   -0.0220
    1.5252   -0.0996    0.4986
    0.1644   -0.0072    0.8211
    0.0931    0.4960   -1.2086
   -0.4465   -1.4174    1.5809
   -2.2321    1.9623    1.2013
   -0.4990   -0.4459   -1.6796
   -0.2710    1.0120    0.2015
   -0.0026   -0.8120    1.1463
    1.3607    0.3212    1.8029
   -1.0428    0.3090    1.2935
    0.0377    0.1999   -1.3929
   -0.4942   -0.8497    0.2498
    0.1400   -0.9113   -0.7402
    1.3395    0.8002   -0.2424
   -0.1674   -0.1273    1.5447
    0.2591    2.6914    0.0194
   -0.4532   -1.9586   -0.5564
    0.2017   -0.6720   -1.2393
    1.2897    0.3327   -0.4272
   -0.1198   -0.5368    1.0000
    0.5013   -1.1961   -0.6304
   -0.0645   -1.1854   -0.6677
    1.0009    0.5479    0.0381
   -0.5491    0.0741   -1.1446
    1.1416   -0.4467   -0.7136
   -0.6503   -2.3591   -0.6320
   -1.0616   -0.9770    0.1802
    2.1905   -0.5018    0.8225
   -0.1204   -0.2938    1.1026
   -0.0289    0.7173   -1.2058
    0.4613    0.4273    0.8374
   -0.7968   -1.4027    0.1190
    0.4510    0.2363    0.4142
    0.1828    1.5338    2.0222
    1.2828   -0.1859    0.0241
    0.9024    2.6885    1.4937
   -0.1492   -0.0006   -0.3356
   -0.1949   -0.4162    0.2385
   -0.6946   -0.6968    0.7127
    0.4497    0.1310    0.3546
   -1.6739    1.8376    0.1613
    1.0532   -1.3172   -0.0014
   -1.2656   -0.7899    0.5311
   -0.4230   -0.7217   -0.5460
   -0.5974    0.0988   -0.1344
    0.0521   -0.2427    1.0500
    0.6307   -0.9636   -0.8532
    0.0442   -0.0881    0.0648
    2.0702    2.1878    0.6598
    0.1588    0.3879    1.2061
    0.7736    2.6197   -2.3382
   -0.6162    0.9743    1.0910
    0.5393    0.4790   -1.3642
    1.3939    0.5202   -1.0270
   -1.1544    1.3550    0.2971
   -0.8882   -0.4762    1.5800
   -1.1430   -0.0640    0.0054
    1.2390    0.1899    0.4092
    1.1131    0.1932   -0.6065
   -0.9711    0.2353    1.0798
   -0.1970    0.1699   -0.3211
   -1.5416   -0.0898   -0.8989
   -1.4652    0.4481    0.8571
   -0.1146    1.0690   -0.1271
   -0.8259    1.0003   -1.6647
   -1.6882    0.7980   -1.0640
   -0.7830   -0.6526   -1.4326
    0.0974   -0.2905    0.2217
    0.3466   -0.0949    0.5035
    3.5610   -0.8228   -0.6604
    1.3735    0.0684   -0.3100
    1.0296    0.1782    0.1693
   -0.5722   -0.0314   -1.3518
   -1.2590    0.8327    0.3898
   -0.1332   -1.2154   -1.5494
   -0.6473    1.7580    2.2791
    0.8922   -0.1461    0.2076
   -0.7702    1.1363   -0.3333
    0.9566   -2.1068    1.0955
    0.2388   -0.2655    0.0201
   -0.4919    1.1228    0.5828
   -1.9573    0.1013   -0.4570
   -0.9816   -1.1132   -1.7614
   -1.5230    1.0311   -0.5521
    0.3178    0.8850   -0.2969
   -0.2837   -0.1429   -2.0704
   -0.9157    0.3621    2.2511
   -0.3605   -0.5667   -0.7930
   -0.3801    0.2103   -0.3463
    1.6347    0.0232    0.0590
   -0.4226    1.4888    0.1176
   -0.8470   -0.9142    0.2916
    0.6106    0.3045    1.2669
   -0.5219    0.2469    2.8139
   -0.4931   -0.4869   -0.7995
    2.3749    0.6319    1.3677
   -1.0073   -0.8032   -0.2855
    1.6065   -0.0388    0.2143
   -0.6632   -2.0785   -1.0453
   -0.4023    0.3537   -2.3652
   -0.6725   -0.4198    0.5651
    0.6975    0.2234   -1.0619
    1.5805    0.6271    1.1901
   -0.3977   -0.4528   -0.4452
   -2.0317    0.8640    0.8036
    1.7446    1.0657    1.4633
   -0.0779    0.0497    1.3801
   -0.1490   -0.6060    0.2381
   -0.5611   -0.0448   -0.0333
   -0.3894   -0.0556    0.7287
   -1.6592   -0.1800    0.9472
   -1.1106    0.9060    2.2355
    0.4765    0.6973   -1.3910
    0.8478    0.4746    0.3100
    0.1327   -0.2837   -1.0239
    0.8308   -1.7997   -0.8268
    2.3798    0.2815   -0.7165
   -0.1470   -0.0552   -1.8709
   -0.2687   -0.6538    0.9413
   -1.0734   -1.2309    0.5286
    2.1159    1.3508    0.6223
   -0.2561    0.2928   -1.2342
   -0.5872   -1.7285    0.3746
   -0.3286    1.5089   -1.3199
   -0.5948   -0.5471   -0.0875
    1.4954    0.5140   -0.2582
    0.9496   -1.1580   -1.5881
   -1.3235    0.8244   -1.6082
    0.7790    0.4216    0.1337
   -0.3401    1.9889    0.5742
   -0.0414   -0.7273    0.2543
   -1.2623   -1.2440    0.3390
   -0.9715   -0.7372    0.2675
    1.6930    0.0602    0.3514
   -1.0847    1.4688    1.4443
    1.9791    0.4733   -0.6465
    1.3985   -0.3383   -0.3793
   -0.3349    0.7737   -0.2422
   -0.5435    0.7649    2.5507
   -0.4897   -1.3524    1.2669
   -0.4220   -0.0712   -0.0955
    0.6610   -0.8537   -0.6368
    1.5369    0.9766    1.7810
   -0.5397   -1.8557   -0.3968
    0.2154    0.1910    0.1546
    1.9283    1.0439   -1.0648
   -0.3236   -0.2256    0.1152
   -1.4973    0.7678    0.1857
   -0.8689   -0.3360   -0.7807
    0.4923   -0.7518    0.1527
    0.8172   -1.3400    0.6152
    0.0452   -0.1967    0.1284
    0.1033   -0.2883   -0.9273
    0.8155   -0.3680    0.4630
   -1.9507    0.6685   -0.2013
    1.9823    1.7606   -0.3882
   -0.0510   -2.2297    0.7419
   -0.6512   -0.9178   -0.0854
   -1.1108    0.2262   -0.1425
    0.3506   -0.1561   -1.3049
   -0.5095   -1.2976   -0.8478
   -1.2368    1.3034   -1.0339
   -0.2131   -0.9410   -0.3494
   -0.2631   -1.3898    1.5319
   -1.0800   -1.1472   -0.5385
    1.7817    1.9622    1.7436
   -1.4017   -0.2565    0.1391
   -0.3326   -1.1889    0.2999
    1.1194    0.6248   -0.7497
   -0.5445   -0.5811    0.9217
   -0.0052   -0.8092   -0.3988
   -0.8117    1.3182   -0.8090
   -0.9869   -0.8147   -1.4199
   -1.8950    0.7850   -1.5119
   -1.1088   -0.9219    1.7244
    0.0861   -0.9126   -0.3014
    2.0464    1.1195    0.1479
    0.7053   -0.0239   -0.0396
    0.0352    0.0955    3.0135
    0.5073   -0.9902    1.1912
    0.5358    0.6991    0.0526
   -0.1907    0.8824   -0.6146
    1.3244    0.4926    0.9246
    0.2059   -0.8461    1.0331
   -1.0640    1.1852    0.2655
   -0.7511   -0.4531    0.6287
    0.5585    0.3696   -0.0875
    0.1103    1.3381    0.1055
   -1.2442    1.4849   -1.0425
    0.4693   -0.1785    2.0037
    0.6950   -0.0172    0.1940
    0.8949    0.5507    0.4212
   -0.6722    0.4377   -0.0165
   -0.4568    0.7205    1.6269
    0.7252   -0.8764   -0.0942
   -0.8731    0.4816   -0.3444
   -0.6090   -0.5260   -0.1530
    0.1419    0.7370   -1.4182
   -1.5054    0.2222    0.7314
   -0.4334   -1.7784   -0.3819
   -0.5779    1.5665   -1.5307
   -0.3121   -1.7902    0.0106
    2.0195   -0.0037    0.8436
    1.2018    0.3250   -0.2463
    0.3401   -1.6780    0.5625
    0.5171   -0.4652    0.6037
    0.0358   -0.6168    0.6621
   -0.5732   -1.2032   -0.4034
    1.3889   -0.5123    0.8214
   -0.3483    0.1242    1.0924
    0.0799    0.1699   -0.9838
   -1.3687    0.9482   -0.4064
   -0.0589    0.6776   -2.5740
    0.4882    0.9324   -0.1345
   -0.5331    0.1407   -0.6651
    0.7535    0.6291   -1.0483
   -1.0814   -0.8811   -1.7404
   -1.6518    2.8981    1.1133
   -0.9711   -0.2465    0.4435
    0.5105    0.0767   -0.0590
    0.0150   -1.2139    0.9694
    0.7383    2.1801    1.1461
   -0.2323   -0.5404    0.1803
    0.0798   -0.2871    0.0900
    0.2036   -0.4114   -0.9109
    0.3652   -0.7576    0.0393
    1.2239    0.4683    0.8277
    1.3485   -0.8872    0.4564
    1.2271   -0.2808   -0.7141
    0.0932    0.0261   -0.4818
   -1.1846   -0.7288   -0.3863
    0.3940   -0.0227   -1.9940
   -1.1382    1.4949   -1.1787
   -0.9452    0.6779    3.0719
   -1.8815    1.7935   -1.4289
   -0.0167    1.1611   -1.2935
    1.5853   -0.8791   -0.2940
   -0.1531   -0.0993   -0.0295
   -0.8088   -2.2474   -0.1454
    0.0828    0.6137   -2.6671
    1.0263   -1.0184   -0.5910
    0.1435   -0.4212    1.3487
    0.6462    0.3170   -0.4505
   -0.5967   -0.5219    1.1103
   -0.0288   -0.6552   -0.1266
    0.0929    1.1268    1.1380
    0.7051    0.1018   -1.0989
   -0.0558   -0.4093   -0.4626
    1.1655   -0.0861   -0.5531
    1.4421    0.2713   -1.1675
   -1.0820    0.1857    0.1526
   -0.4819   -0.2696   -0.7197
   -0.1299    0.6737   -0.6923
   -0.7406   -0.2793    1.7163
    0.0444   -2.2414    1.3600
   -0.4871   -2.4203    0.8585
    3.2072   -1.0938    0.1705
    0.4901    0.2188   -0.6766
    1.0188   -0.4386    1.1962
   -1.9752    0.4600    1.3801
    0.7775    0.5036   -0.0154
    1.5597   -0.4996   -0.2316
    0.1719    0.5689    1.0928
    1.5308    1.7155   -1.7421
    0.2479    0.1677    0.5538
   -0.5446   -0.2457   -0.4432
   -1.6417    0.8694    0.5998
    2.0617    0.3099   -0.4783
   -0.2147   -0.3038    0.0862
   -0.1522   -0.6119    0.5124
    0.2450   -1.4005    0.7741
   -1.3777    0.8825    0.3692
   -0.5202   -0.6868    0.5267
   -1.3627   -1.1836    0.2321
   -1.2937   -0.9659    0.2616
   -0.3147   -2.4293    0.9776
   -0.7885   -1.0887   -0.0267
    1.1517   -0.6642    0.4947
   -0.1585   -1.1733   -0.2212
   -1.0412   -0.1957    0.2831
    0.6668    0.0560    0.7389
   -1.3420    1.2528    0.0803
   -0.9447    1.2631    0.9815
   -0.7657   -0.8382    0.1682
   -1.4896   -0.2326    1.7606
   -0.6593   -1.4378   -0.2727
   -0.8409   -1.0321    0.6771
   -0.4190   -0.6244   -0.9009
    1.8857    0.3926   -1.6417
    1.3604   -0.1675    0.2531
   -0.6457   -1.0144   -0.3079
   -0.9518    0.9925   -0.3496
   -0.9405   -0.0984   -0.0006
    0.8295   -0.2973    0.2010
    0.5437   -0.2972    0.2873
    0.1943   -0.1806   -0.8459
    0.8322   -1.2882   -0.2669
   -0.2138   -0.2383   -1.0517
    0.7917    0.0662   -0.2904
   -0.6753   -0.3097   -1.5958
    1.3678    0.3219   -1.0322
    1.6685    0.0102   -1.0516
    0.2448   -0.4145   -0.0329
   -0.3379   -0.8564    1.3075
   -0.7555   -1.3301    1.2413
    0.0788    0.0866   -0.2555
    0.9292    0.4417   -0.0604
    1.5432   -0.8766    0.0192
   -0.7614   -1.2561    0.0528
   -1.9284    0.9574   -1.4728
    1.0668    0.9630   -0.8337
   -0.8095    0.1463    0.5144
   -0.2981   -0.9862    0.0457
   -0.7380    0.6690   -0.7091
    0.5764    0.1821    0.7626
   -0.9387    2.8645    0.9365
    0.8708   -0.2026    0.5824
   -0.8995    2.0298    0.9983
   -0.8992   -0.0489   -1.7895
    1.5779   -1.1002    0.2281
   -1.4488    1.0940    1.5842
   -1.2101   -0.5654   -0.3214
    0.0632    0.2643    0.5257
   -0.1545    0.0748    0.7454
   -1.0658   -0.0756   -2.1838
   -0.7485    0.1830   -0.1937
    0.5238    0.3729   -0.5167
    0.3686   -0.1875    0.5504
   -0.8369   -0.6384   -0.3361
   -0.0875   -0.2742    1.7491
    0.5821   -0.5835   -0.3897
   -1.1312   -0.1412   -1.2933
    0.1825   -0.8157    0.5222
    1.7546   -0.4179    0.3920
   -0.4695    0.4516   -0.4472
    1.4395    1.5688    0.8939
   -1.6399    2.2553    0.1086
   -0.7557   -1.1616    0.9199
    1.0966    0.6168   -0.4147
    1.2824    0.3813   -1.4362
   -1.0864   -1.9791    0.5795
    2.1987    0.7817   -1.3445
   -0.2061    0.5141    1.7181
    0.2950    1.1921    0.6813
   -0.8538    1.4762   -0.6572
   -1.3218    0.1716   -0.2070
   -1.2188    0.0468    1.0882
   -1.8602    1.5782   -0.4467
   -0.2161   -0.1002   -1.9171
    0.0145    1.6438    0.4503
    0.8891    0.8811    1.1907
    0.1807   -1.9000   -0.1167
    0.0209    0.9345   -2.4866
    1.7440    2.2127    1.3162
    0.8681   -0.4513   -0.9765
   -0.8082   -0.4907    0.7483
   -0.8513   -0.6415   -1.4940
   -0.5898    0.4688   -0.5667
    1.0664   -1.0072   -1.0656
   -0.7144   -0.1327   -0.4468
   -0.2832    0.0395   -1.5322
   -0.3462   -2.0280    0.1423
    1.1849   -0.5408    0.9875
    1.6212    0.5716    0.5377
   -0.5377   -0.1119    0.6498
   -0.4417   -0.0531   -2.1994
   -1.2713   -0.6052    1.0381
    1.9875   -0.1363   -0.9651
   -1.5699    0.9086   -2.2428
    1.0739   -1.5216    1.3455
   -1.5076    0.2125    1.9095
   -0.6229   -0.9798    0.7466
    0.3739    1.2135   -0.9679
   -0.1277   -0.8398   -0.7300
   -2.0056    1.0441   -0.4408
   -1.0616    1.6410    1.0263
    0.6369    0.5874    0.0241
   -0.5300    0.3950   -1.7258
    0.9246   -1.2320    0.2065
   -0.7092   -0.5763    0.4712
   -1.0784   -1.2338   -1.6307
    0.2104    0.2698   -1.2909
   -0.8724    1.6646    2.0715
    0.4550    0.3005   -0.7215
   -0.8190   -0.5706    0.3977
   -0.5687    1.3064    0.9599
   -0.7833    0.8478   -0.1041
    1.6502    0.5951    1.8080
    0.3342   -0.1260   -1.4141
    1.0873   -0.1907   -0.6268
   -0.6754    1.5291    1.5843
    0.4736   -0.1071   -0.0974
   -0.7012   -1.1294    0.3944
   -0.8808   -0.3174    0.5431
   -0.4550   -1.1845   -0.6005
   -1.6681    0.4704   -0.3776
   -1.3456    1.8807    0.8797
   -0.8360   -0.2984   -0.3206
    1.5478    0.1224   -0.1691
    0.2833    0.3738   -0.6974
   -0.2041    0.2220    1.9116
   -1.2106   -0.7922   -1.3035
   -0.9225    0.9294    0.9057
    0.4565    0.3366   -0.6021
   -1.3893    0.5404   -1.2354
   -1.2169   -0.6048    0.2358
    0.0264    0.4529   -0.3302
    0.1968    0.3946   -0.0673
   -0.6993    0.1629    1.3365
    0.9811   -0.0692    0.8730
   -0.7205   -0.8635   -0.6200
    0.2636    0.0543   -0.5560
   -0.8671    0.4309   -1.5603
   -1.0291   -0.7804    0.5536
   -0.6104   -1.8123    1.1963
   -1.5174   -0.4782    0.2883
    0.6143   -1.9876    1.1161
   -0.9287   -0.2894   -0.4620
    0.6366    0.7819    0.8912
    1.6622    0.2764   -1.0540
   -0.3566   -0.9795    0.4757
    0.3687   -0.3065   -1.3293
    1.5851    0.1311   -0.5787
    0.6964    1.1717   -1.1070
   -0.5412   -0.6163    0.6986
    0.0369    0.4867    0.5151
   -1.2143    0.0307    1.4396
    0.0269   -1.3215   -0.0948
    0.3023   -0.7525   -0.0020
   -0.9611   -1.0433    0.3175
    1.1119    0.1377   -1.4174
   -0.8831   -0.4317   -1.2045
   -0.2310   -1.1991   -0.3359
   -0.2267   -0.6848   -1.2394
    1.8399    0.2741   -0.3326
    0.0220   -1.2661   -1.0386
   -0.6449   -0.7646   -0.8838
    0.6882    0.8868   -1.6829
    1.7591    0.5167   -0.7140
   -0.5948   -0.8077    0.1047
    0.0893   -1.5581    0.9918
    0.5568   -0.0145   -0.8653
    0.2345    1.3967    0.2111
    1.1315    1.9595    0.8358
    0.2031    1.6404    0.2573
   -1.0477   -0.8610   -0.8490
    1.0650    1.2348   -2.0032
   -1.1233    0.6015   -0.2406
   -0.7587    1.1419   -1.6454
    0.9532   -0.4332    0.1521
    0.5298    0.2518   -0.2952
   -0.4103   -1.2973    0.5082
    0.3036   -0.4306    0.3039
   -0.4139   -0.3965   -0.7460
   -0.4478   -0.2923   -0.2294
   -1.2033    0.0607   -1.8810
   -1.8474    2.4570    1.0207
   -0.5427   -1.5568   -1.7230
    0.4512    1.7537    1.0079
    0.0811   -0.1659   -0.7654
   -1.3754    0.3397    1.6941
    0.2919   -0.6845   -0.5250
   -0.5797    0.4788    0.6748
   -0.8383   -0.8907   -0.3161
    0.6398   -0.4120   -0.4183
   -0.4563   -0.6905    0.7334
    0.5971   -0.1122    0.6282
   -0.6627    0.3624   -1.4861
    1.0346   -1.2998    1.1041
    0.5438   -0.5206    0.7579
   -0.1743   -0.4795    0.9788
   -0.7501    0.6404   -1.3128
   -0.2902    0.8244    0.2913
    1.1772    1.1874    0.7086
   -1.1505   -1.9342    1.3604
    0.1675   -0.2828    1.1783
   -0.2534   -0.1196    0.6894
    0.5298   -0.8401    0.4053
    1.5717   -0.3130    0.2550
    0.7298   -2.2605    1.0870
    1.9915   -0.2802    0.5531
    1.8042    0.7608   -1.5445
    1.0415    0.3841    0.4918
    0.5544   -0.6621   -0.1707
   -0.0153    3.0345    1.0292
    0.6860   -0.5444   -0.1223
    0.3889   -0.1683    0.9957
    0.8404    0.6548    0.1584
    1.3582    0.4098    0.3128
   -0.0318   -0.5273    1.4296
   -0.2451    0.9201   -1.6466
    0.0008   -1.3560    0.8003
   -0.5013   -1.9636    0.9166
    0.7097   -0.6613    0.1823
    0.5881    0.1331    1.7668
    0.1423   -1.0192   -0.1406
    1.2818    0.8190   -0.5885
    1.0552   -0.0418   -0.9402
    0.9818    0.6690    0.1823
   -1.0001    1.7221   -0.4830
    1.7270    0.0354   -1.8250
    0.3774   -0.2413   -0.0128
    0.9866    1.8622   -1.6304
    0.4917    0.5879    1.0597
    0.7378    0.8381   -1.0356
    1.6797    0.1190    0.5609
   -1.5400   -0.4192   -0.3527
   -1.2732   -1.4359   -0.2067
    1.3888    0.3394    0.6999
    0.7713    1.4143    1.4294
   -1.0133   -2.3945    0.4283
    1.1516   -1.2788   -0.1131
   -1.2792   -0.4932   -0.7418
   -1.3171   -0.1814    0.5656
    0.1129   -0.6960   -1.1723
    0.9561    0.4171    0.7049
    1.4414    0.4497   -0.3125
   -1.2359   -0.6082   -0.5899
    1.4571    0.4373    1.0182
    1.3650    0.0287   -0.7526
   -2.0702    0.8267   -1.7060
   -1.2116   -0.8641   -0.7541
    1.2147    0.3690   -0.0496
    0.0401   -0.1416   -0.5369
    1.6018   -0.1556   -0.0031
    0.2487    0.2603    1.3222
    0.1580    2.4360    1.0936
   -0.0752    1.0298    2.2606
   -0.6811   -0.7164   -0.1661
   -0.3190   -0.9856   -1.2051
   -0.4302   -0.7852   -1.0186
   -0.9429   -0.4021    0.1084
    0.7501    0.1704   -0.2207
   -0.9411   -0.0957   -0.0381
   -0.5188   -1.6047    0.5992
    0.8703   -0.7466   -0.0709
    0.2328   -0.4202    0.4963
    0.9946   -0.3517   -1.3910
   -0.4237   -0.3798   -0.5546
   -0.1316    0.1062    1.4104
    0.1714   -1.1972    1.1948
   -0.1066   -0.7258    0.9635
   -0.6413   -1.7661   -0.6673
   -1.1601   -0.5822   -0.0081
    0.2084   -0.6796    1.8174
   -0.1580   -0.5504    0.1822
    1.3281   -1.0467    1.0659
    0.7586   -0.2912   -1.4579
    0.2194   -1.8033   -0.1925
   -0.4069    3.1740    0.7336
   -0.2372    0.1853   -1.7711
    0.1297   -1.0100    0.0706
   -0.6971   -1.5386    0.8526
    0.9741    0.2938   -1.1143
   -0.3235   -0.3942    2.6861
   -1.1769    0.3037    1.5733
   -2.1214    0.9573    0.4303
   -1.2199    0.8225   -0.2009
    2.4245    1.2349    0.3431
   -0.8194   -2.1680    0.1796
    0.7548   -0.5534   -0.4275
    1.7187    0.5021    0.9995
    0.5143    0.4649    0.2758
    1.4562    0.3081   -0.0102
    0.1463    0.5826    0.4359
   -0.8428    1.2570    2.6537
    1.3931    0.9790   -0.9623
   -1.7416   -0.1282   -1.3860
   -0.8286   -0.0642   -0.2589
   -1.7328   -0.1240   -0.4819
    0.3449    0.5693    1.5864
    0.1521    0.6707   -0.2291
    0.6535   -0.3433    0.4786
    0.2755    0.4546   -1.6764
    1.0351    0.6026   -0.6512
    1.1089    1.1159   -0.6348
   -0.2369    0.3088   -0.3576
    1.1972    0.2700    0.3018
   -2.1408    0.9831    0.2033
    0.6861    0.2969   -1.1951
    0.9200   -0.3766    0.1587
    1.9392   -0.1012    0.6718
    0.9602    1.3303    0.9207
   -0.3039    0.1192    0.2267
   -1.0473    0.8055    0.7053
    1.4468    0.4984   -0.0640
   -1.4136    2.3971    1.4261
    1.2512    0.4765   -0.8077
    0.3542    0.3108    0.6833
   -1.5332    0.5868   -0.9898
   -1.4768    1.4387    2.1479
    0.0373    0.4046    0.3245
   -0.2081    2.2401    2.3842
    0.5176    0.3641    0.2042
   -0.6689   -0.8431    0.3198
   -0.5716   -0.7155    0.5155
    0.3117   -0.6012    1.1866
    0.6527   -0.7141    1.1138
   -0.9320    0.3390    0.8597
    0.4825    0.2787   -0.3843
    1.0025    0.9869   -0.7660
    0.7220    0.7475   -0.5939
   -0.9585   -0.1717    2.4059
    0.8704    0.5335   -1.6044
   -0.8745    0.0181   -0.1131
   -0.1606    1.1747    1.6343
    1.5467   -0.3452   -0.4289
   -1.1835    2.3724    0.1609
    1.5931   -0.0980    0.0013
    2.4869   -0.1444    0.6654
    1.2162   -1.3342   -0.5489
   -0.2684   -0.2701    1.3266
    2.0911    0.7323   -0.3121
    1.7303   -0.2848   -1.0093
   -1.0673   -1.2363    0.1507
    0.5337   -0.0837   -0.9153
    2.2281    1.0162    0.4314
   -0.8460   -0.6574    0.2944
    0.1437   -0.7714   -0.1487
    0.4580   -0.9897   -0.4940
    1.4223    1.0510    0.2080
    0.0995    0.0201    0.1550
    0.7286   -0.7662   -0.3755
   -0.7617   -0.9566    0.1924
    0.3018    1.1924   -2.4625
   -1.6055   -0.1381    0.0737
    1.5764   -1.0972   -1.3058
   -0.6987    0.0460   -0.8334
   -0.8410   -0.0573   -1.9779
    1.6362   -0.0289    0.3708
    0.0203    1.2197   -0.0068
   -0.6580    0.4187    0.3819
    0.0875   -0.5502   -0.5374
   -1.1125    1.1026    1.8616
   -0.2638   -1.0537    0.1747
   -0.6917    1.0775    1.5112
   -0.5443   -2.5983    1.4495
   -0.8910   -1.5017    1.8051
   -0.7449   -0.3408   -1.8678
   -0.1111   -0.9485    1.1140
    1.0734    0.2729    0.2111
   -0.8103   -0.6455    0.2285
   -1.0942    0.5225   -1.1863
    0.4454   -0.6072   -0.2458
    0.0539    1.1389    2.0461
    0.1885   -0.0251    1.6709
   -1.7145   -0.4693    0.3239
    0.9823   -0.2934   -0.7121
    0.8670   -0.4935    0.5846
   -0.0232   -1.0565   -0.4055
    2.7215   -0.5872   -1.5391
    1.6429   -0.7250   -0.4140
   -0.3789   -2.4400    0.7915
    1.9774    0.7085    0.8507
    0.6694    0.2441   -0.0642
    0.2150    0.3885    1.6083
   -0.3052   -0.4936   -1.2271
    0.5080   -0.2280    1.3039
   -1.0540   -1.2242   -0.4017
   -0.2982    0.5906    1.8333
   -0.6497   -1.4202   -0.3379
    0.9212    0.4208    0.3516
    0.5286   -0.4224   -0.3093
   -0.2354   -0.4704    0.5353
    1.2401   -0.4292    0.2155
   -0.2794   -1.7721    0.2667
   -1.4869   -1.3134   -0.3160
   -0.9980   -0.2295   -0.0639
    0.4325   -2.2343    1.2363
   -1.1637   -1.3096   -0.7405
   -0.4278   -0.5777   -0.0172
   -1.0254    0.0545   -0.1691
    0.2759   -0.1742   -1.0990
   -0.9279   -0.1701   -0.3409
    0.5022    0.2818   -0.7762
   -1.8646    1.4202   -1.0471
   -0.4727   -0.4185   -1.2698
   -0.2557    1.9835   -0.7353
    0.6588    0.8856   -0.3585
   -0.8504   -0.6405    1.4795
   -0.8324   -0.5023    0.4596
   -0.8272    1.3854   -1.2347
   -0.4095   -0.5361    0.1115
    0.9471    0.5156    0.0673
    0.5356    2.5247   -2.4186
   -0.4277   -0.4881   -1.0042
   -0.8278   -1.2941   -0.9414
    0.4149    0.7555    1.4714
    1.3736    1.6423   -0.0789
    0.0697   -0.4038   -0.4645
    1.1141   -0.3707   -0.2158
    0.6380    0.0278   -0.1277
    1.9235    0.3558   -0.1902
    0.7217   -0.8526    0.1322
    1.1338    1.1363    0.2610
   -1.4043    0.9924   -0.1313
    0.5782   -0.7784    1.6994
    0.7966    1.6315    1.8175
   -0.6524   -0.4353    1.4914
    1.5448    0.4738    0.3414
    0.2787   -1.3265    1.2524
   -1.2977   -0.8307   -0.2507
   -0.9748    0.5009   -0.0629
   -1.4425    0.9994    0.1874
    1.7496   -0.8289   -0.2923
    0.6166    0.6119    1.5940
    0.1847    3.6084    1.9385
   -0.6782   -1.5931   -0.3372
   -0.4573   -1.5268   -0.5661
    0.0615    0.1994   -0.3468
   -0.0722   -0.5622    0.1554
    0.0209   -0.1734    1.4844
    0.5543    0.5062   -1.4787
   -1.1540    1.2319    1.7497
   -0.6841    1.5326    1.6222
   -0.0907   -0.3417    0.9829
    0.4439    1.0041   -0.5289
    1.6166    0.5138   -0.0515
   -1.0070    0.1196   -1.5430
   -1.2612   -0.2906   -0.8113
   -0.2392   -0.3109   -0.9660
    0.3442   -0.7936    0.9508
    0.3234   -0.2856    1.5757
    1.2213   -0.6850   -0.8838
    0.0731    0.0475   -1.2062
   -0.0481   -0.1448    1.5333
   -0.8194   -1.3497    0.1372
   -1.3450    0.8049    0.6940
    0.2165   -0.6915   -0.2975
    0.0271    1.3536   -0.4904
   -1.0715   -0.9878   -0.6131
    1.0451    0.5761    0.4077
    2.8564   -0.3291   -0.7903
    0.2792   -0.5357   -0.1428
   -1.5417    0.4755   -1.7726
   -0.3196    1.8131   -1.7742
   -0.8504   -0.9111   -0.6802
    0.0939   -0.4529   -0.9178
    0.5412    2.7463    2.6168
   -1.1026   -0.2202    1.4933
    1.6751    0.1481    0.1917
   -0.8628   -1.4903   -0.0436
    1.1126   -0.0439   -0.5687
    0.8336   -1.2545    0.9639
    0.1057   -0.6776    0.4668
   -0.8081   -0.0911   -0.9781
   -0.2289    2.6148   -0.0060
   -1.0753    1.6793   -0.2315
   -0.6322    0.4294    0.5053
   -0.2983    0.3079    1.7665
    1.2833   -0.3903   -0.7522
   -0.4651    2.7948    0.0206
    0.1116   -0.0874    0.4067
   -1.7109    1.3756    0.2561
    0.5880   -1.4262    0.7733
    0.0185   -0.2207   -0.4460
   -0.2392    0.8699    0.6969
   -0.9140   -0.9877   -1.1371
    1.0000    0.4554    0.5994
   -0.5513   -0.6776    1.2537
    1.7197    0.8105   -1.1061
   -0.1358   -1.2527    0.6255
    0.9573    0.6784    0.1493
    0.2520    1.8033    0.7340
    0.4304    0.1377    0.1245
    0.5314    1.6548    0.2240
    0.3099   -0.8078    1.1671
   -1.0602    0.7352   -0.5556
   -1.6560   -0.2314   -0.7792
    1.3958   -0.2220    0.4193
    0.7864    0.7096   -1.0461
    1.4998   -1.0172   -0.1371
    0.0298   -0.8098    1.7218
    0.4710   -1.2574   -0.5190
   -0.9119   -0.3765   -1.6839
   -0.6421    0.2343   -1.3576
    0.8147   -1.0502    0.3406
    0.0250    0.0341   -0.6197
    0.3439    0.3899   -1.5992
    0.7843   -1.7077   -0.6903
    0.4284   -0.0449   -1.8494
   -0.8626    0.2712    0.0361
   -1.2554   -0.1049    0.8131
    0.5523    0.0583   -1.1413
    1.8361    0.5447   -1.1433
   -0.8697   -0.6928   -1.1115
    1.0418    0.4538    0.9204
   -0.3996    0.5957   -0.1611
   -0.1301    3.4410    0.0604
   -1.4027    0.8653   -1.4285
   -0.6796   -0.7579   -0.0543
    0.7718   -0.4963    0.8824
   -0.6761   -1.7769   -0.5028
